81152
28908
74844
58691
48196
24531
18615
77305
20749
8149
28190
70371
41295
8351
28432
76101
12397
36552
6716
41765
85666
6923
74862
7963
27649
8489
79088
46013
30948
95198
95872
43317
34998
52969
33349
44840
84594
58574
58401
40082
96815
32247
29245
10081
35847
80125
78437
90023
18950
20224
61205
90220
35878
91844
81655
46151
13672
68478
65173
38850
8567
11985
82744
21525
49999
64196
32150
52676
27976
41245
19771
67094
30791
3920
30183
33484
65929
93287
86266
57879
40635
3260
66326
12113
10492
69179
72379
78651
56050
66920
50312
35033
50594
69930
90803
68429
37291
13083
2205
18565
39051
64129
19641
67908
75701
61942
47535
76024
55407
7305
97424
41143
67341
57600
11893
76844
37439
32443
97173
63237
91195
84346
22475
2832
38664
70101
65500
33899
53137
6833
93275
93027
93753
3723
47636
35597
27553
15642
70874
57090
2284
28763
98513
81677
53778
50627
7134
59599
99425
94997
70837
59363
94390
31437
15582
70988
2739
6466
45868
85189
93173
63651
17355
90933
60725
26528
7357
45843
76916
27000
28113
10764
92573
35667
5631
31330
52952
92464
63466
6506
24246
44485
24940
15007
60426
92464
7157
77486
13294
15814
91462
90130
16432
92761
26432
22143
90612
54515
96827
31
43595
95183
16899
21590
85680
24299
86354
85482
95170
12719
24206
89284
84750
17412
21281
95541
3464
71457
92685
37187
98609
37758
7824
75904
71680
63699
95921
63812
70171
1990
63305
41294
13101
11742
97850
6427
1760
92432
68100
78406
55407
37858
83796
60606
17152
77174
86042
60320
10590
39828
67914
50527
80143
27521
11662
32298
42893
17851
70167
91525
74314
47600
21947
25116
20842
26740
46096
65704
62879
7616
28935
94389
12026
31834
93794
31453
25081
97885
88314
93343
54053
42164
38705
13394
83546
62090
56469
76519
82249
78866
49980
89391
55973
78900
25857
72812
78546
57716
62879
52167
18571
68798
25111
74096
64782
26125
22964
18858
11734
10807
7299
39224
64661
42329
37988
96978
36702
18678
10843
14972
37524
82290
48233
47180
17489
39536
5294
86426
34262
23675
32140
37192
65062
26777
12461
20164
43174
51919
89581
61021
22958
28013
53340
94454
64935
62797
81980
63805
89030
32755
84084
58638
34356
89745
37799
69290
48906
21606
73378
11676
32811
41189
14399
73818
84206
49363
77878
86688
76117
32343
57985
84174
36406
39812
43402
96253
74970
50871
37691
47202
16180
48472
65920
39528
27978
47242
59623
59954
49601
27933
14677
30419
20657
77589
99594
56943
75907
20130
2156
70098
74816
37579
53278
28649
81208
1761
92232
66460
77778
64146
69785
36924
32366
2309
42996
10669
60139
94511
65074
32716
46056
74396
22507
27994
36311
91894
76216
81544
67844
12277
85813
85211
64159
52908
74405
97310
51691
10172
9716
32562
54951
80757
68518
92848
89744
72265
55469
33501
57608
3149
90841
41362
80633
43910
46723
2216
84281
33835
47333
48084
74288
68413
52715
85436
71991
86917
37561
11995
7312
34851
95532
98068
74255
94981
94950
56134
98831
65132
51825
52273
85394
55214
55941
80041
1595
81653
25312
18896
67808
75443
22179
1402
31140
36289
76932
22017
85358
302
69722
3303
47425
90726
36614
39438
80367
17886
56611
85080
81293
83002
56053
74383
20050
96289
88450
75690
55931
77495
8271
81038
36217
6501
17358
1118
21183
30236
1932
47548
49856
68572
21618
47897
63736
30470
47180
18078
19451
40466
64752
13219
26891
60143
16138
3340
35982
33397
18027
69394
35407
24963
51611
80541
29991
92490
84350
23820
45955
97368
55626
3754
80029
40239
63560
11185
57390
22870
61552
89308
29046
67479
38501
63780
70932
55678
23289
75558
78765
91123
39268
65703
5460
1572
44761
92118
2562
60844
55416
36447
68341
38622
73724
16556
73023
52086
59675
31993
2816
85733
9689
70251
38020
45005
51749
34605
29514
86402
80449
2062
54293
75046
17979
73247
58972
87636
95819
48481
13554
72541
16434
74487
97422
69529
91336
4917
19419
57864
80149
17102
65411
72535
21210
28533
45323
2660
60448
77270
96655
224
20908
14408
56956
23940
58086
19731
81183
99832
17716
92469
31046
23418
1233
65959
52906
63658
79254
345
10134
25918
44153
53980
81203
51518
16811
57415
96685
70066
83645
14570
37639
99197
27252
93321
85157
29692
81488
66740
75814
77355
55812
35999
23645
2729
74819
42002
69322
17742
21159
25474
84415
53090
88271
10817
28572
63917
28883
82324
47160
85193
26576
22206
52747
83135
56529
19362
48695
99330
3647
51966
75093
54755
55977
71039
19904
99666
74046
97317
96648
29693
35017
4926
33636
7748
4379
28009
30727
97620
73216
43940
73867
32940
55015
92614
17010
72158
73212
31990
14224
30930
47677
85323
14774
16896
16311
73100
6970
53699
52679
38280
27774
21783
8955
75232
92941
57974
12890
15421
36595
91845
69287
38641
11008
35638
45127
94292
77530
40751
75301
29478
12444
14964
3528
3033
96033
12157
18513
49742
1720
59450
147
26653
19274
73818
19651
28464
83932
55986
96642
34804
95704
26824
21030
57831
33617
90231
91180
42119
8632
36695
71965
47782
90133
80044
88066
39960
64918
50482
83845
5399
24027
6346
40597
68988
27801
5095
72566
18975
83292
1825
11918
19539
7225
84285
29182
97239
7078
69727
71203
87870
1378
36467
86790
93808
9380
62407
60279
47854
6686
36553
74511
57496
3050
59556
70307
50450
3748
31326
16312
9018
81724
66661
84561
81932
94495
41543
29847
11557
24951
23484
38236
83899
34753
84147
16657
3903
86569
49293
36468
78151
65072
95838
19890
57198
20016
48212
37837
6564
28192
13769
25256
27478
44529
53960
93177
18735
34912
74214
94881
13288
28405
38175
12466
10448
564
67492
8376
84167
26545
30845
61756
28837
22324
6663
21923
73129
32973
46551
23666
20529
2608
12339
3473
8141
64010
90888
84200
70598
55405
81218
56915
84016
77984
39323
53007
67958
34229
16637
15240
90870
90733
47089
70353
49098
72367
57951
42128
92069
46234
47109
79404
45193
50852
53237
15970
88807
25197
47692
83889
86307
80552
63944
18399
86051
91307
86066
43561
48821
71442
50275
71881
91489
23535
75153
14103
4714
91121
41558
30766
35646
67652
26824
15626
78697
22191
97905
97064
82756
41102
58532
15914
55985
13663
84312
67936
91153
96022
73356
69463
69495
70864
80484
75034
99580
68084
81739
89437
9283
17848
4914
58950
82878
20850
10869
28996
52682
7380
91098
61148
12967
99866
64705
49624
67496
88242
3390
22639
94709
11255
45498
72200
82421
8337
80687
7684
53184
15626
92538
7976
41562
64086
7543
83347
26225
16551
11550
39462
85113
37106
10898
55256
28156
12097
62676
66550
22619
72696
29647
90591
92533
28538
15652
25933
99222
58744
82566
85967
41612
5365
28115
96915
90447
47339
12638
47507
12903
12723
96150
38660
40996
56477
77380
29261
71231
65589
66194
45820
60575
31926
30677
91723
53722
15991
93819
11110
73169
19387
13788
82752
5329
32021
40829
92794
46749
37487
13253
70502
59792
88736
21213
12332
93461
80391
40401
36774
12990
71042
42099
13646
6019
32175
40625
46588
72824
32470
54944
74592
25139
9440
32040
38617
90103
43400
25037
79524
83370
61105
63736
10689
9910
55731
87557
60848
76521
73577
16098
73374
74570
2307
78967
67140
14905
30959
50047
63076
93544
86523
91252
95132
33048
15484
78867
11806
93749
32396
66770
51547
68863
44050
33266
87591
1772
87404
81152
92473
32052
73182
95736
90429
77051
77838
1194
70909
82478
19541
78385
62958
67847
2336
4679
84257
16812
49941
42504
14577
89645
85604
14183
4409
40737
11906
8601
46411
76024
49838
35605
93393
36246
29411
75919
32763
99508
16946
28876
85707
53847
10960
60237
29904
93537
21080
77669
97236
13617
49027
6568
37262
65191
19045
11246
1931
16996
11352
59484
52019
49385
96139
9754
67091
34843
55420
87033
69312
81784
79169
55305
54697
70793
25695
80387
28828
60452
43581
82229
83865
7358
13208
18412
48088
82628
77662
36377
69253
45587
56809
33397
6360
58599
11517
48648
94668
24423
83360
34748
49379
6007
50220
18057
25441
153
12788
52535
13297
67917
70607
13817
79949
56192
71921
45724
95675
84894
60436
15749
13474
44750
3234
97102
42529
18680
11315
45788
75772
94055
88123
33465
46074
61683
251
72032
93925
93919
84503
79957
39998
95357
61852
81870
82590
20559
95362
87686
18947
19554
43818
41547
73534
23764
15046
55107
62937
27577
35415
22493
74688
21854
43914
32028
3174
22354
64965
74092
65978
53030
36506
69169
12158
52592
29040
9624
59381
52532
61997
28720
28332
95497
8203
50269
41398
78851
74022
8331
6416
66981
67497
43661
2392
25354
61790
55531
23273
41800
5640
61715
69176
7050
98815
23267
38405
4379
39688
98856
11113
38574
43419
13756
88406
53559
66248
6372
31693
89426
64535
89619
19247
83397
14716
19538
7681
40929
24166
2349
95150
80215
63166
13942
19076
89293
69383
79303
72838
45455
38532
66380
88829
96753
46261
28494
33462
4020
62292
65111
30595
91721
19436
14312
47982
87782
75715
2271
89760
49854
30067
42375
18341
8084
19822
3126
40882
90711
44161
44001
44590
45161
22140
74450
22148
7647
70944
83623
37357
13310
17802
66005
69868
50680
89743
99283
1069
89167
8209
59714
17976
25636
50248
95879
47536
72937
35418
66215
56589
58653
82839
54764
93214
73725
59082
11905
65134
4588
71351
269
87974
97032
84333
31731
95045
53006
65702
89218
93442
97701
81133
93550
74001
18155
46865
97137
36565
64780
16631
20366
50378
51755
80317
42170
63933
53031
50221
54220
18836
84621
51433
34434
42663
42658
47032
27585
23122
64055
80943
71742
92173
44552
43824
8225
63842
48133
41261
47171
38383
54939
79378
96936
78282
61962
50866
20591
1691
42036
26308
50716
678
87414
68438
88251
80112
51711
88218
85493
51405
7539
16983
54618
30852
38327
73680
12873
54192
66653
93420
10929
52989
10487
28779
38725
59894
19113
64660
10378
39766
90517
78950
18862
72956
9190
33458
90261
51996
90188
48733
46826
2337
56265
44229
78213
86023
21593
77319
17839
60505
24739
27075
11937
30446
86395
18547
41319
22243
95216
93846
44687
44695
96078
81418
85106
29534
5531
24288
18598
38373
3827
87718
86098
15867
23719
43234
65444
33202
58410
25513
56084
84625
85107
97391
98348
37518
55596
5202
37808
83341
9800
9297
2684
17294
70611
88085
27497
63908
91347
45039
37570
60418
55440
45409
95594
7091
69674
4049
99788
90635
65278
60221
16264
7550
90153
12296
49606
92317
46306
60758
72183
52493
55945
29667
22681
71937
36046
47536
40600
44400
36954
83844
55342
40579
22855
53037
67496
40469
10662
61616
43816
1087
93365
13676
54721
73701
68486
79411
97497
75448
92387
11223
67112
55677
12269
43267
11900
85687
57219
48752
84009
82141
46769
62688
49110
92802
69578
17091
24685
85290
45768
84317
63686
72946
46941
16369
62343
1379
57355
9561
95783
88942
95627
70216
60705
9387
44538
56920
891
89795
38911
24839
78655
23627
29546
51249
78006
38559
3403
61613
78889
94182
83240
89557
48201
45160
94076
94341
89289
87572
83868
10119
21556
49583
18717
38699
73794
39373
40415
7921
5410
61762
12287
21053
55996
47351
19641
26123
89017
50011
65053
13504
79333
48151
2127
36403
24666
2958
11799
45456
47498
75886
66846
51129
55857
81303
79867
8559
56314
80990
34705
3150
83482
6653
94770
15458
48080
8498
43430
70041
36810
6201
72829
10142
74396
72698
50918
31697
82097
29728
64059
7664
62274
46756
60007
10409
69799
7746
39159
58241
27108
91487
7898
4484
19101
69554
88436
94110
15442
37942
37790
86547
75895
97986
7465
25625
81360
12785
80357
10365
47652
20997
2634
48610
32061
34546
92697
31433
37560
60579
88466
75965
44433
67443
39846
4321
12168
4909
79403
30361
44416
62621
85606
27763
65284
28858
61721
75439
48480
26979
96573
24776
27097
64274
15463
47530
60325
87850
23466
96750
91512
4685
81821
39811
7872
80610
23582
83317
32854
3464
89349
65505
15464
41348
80949
91673
11683
51916
26645
86893
15011
38388
60683
83443
55509
22663
5683
1801
24928
74974
95717
58903
16543
22155
48406
62110
31621
56110
48794
20053
61222
67309
65583
36592
50664
66728
46455
83758
63288
27605
40085
84989
1420
64632
19098
44022
87499
16886
57290
72209
62662
50935
50626
13975
20367
43152
26124
42142
59896
76067
74133
11660
37214
59573
15512
40890
17418
99722
27125
13600
45950
92458
6216
89060
58422
28612
93599
85533
19264
52097
91421
91935
96880
47282
92374
35323
84289
84903
15064
83176
98468
65544
49140
76306
973
37037
71311
11990
29504
5922
19717
33802
7073
29255
22116
79812
59972
64628
81223
86498
71502
32517
34597
62120
35216
41739
25200
26825
64189
30601
42610
63912
68246
82689
64406
84348
45966
4277
17995
52238
957
62886
77372
78152
99318
22524
89874
53128
26413
85554
44315
11964
99806
51235
11443
48477
75628
50261
70981
52128
36301
28504
2223
93613
83290
78187
84958
52995
25718
19272
38503
90497
74645
19806
95774
42034
97315
85711
62421
68091
3407
36572
63818
92847
6908
93984
21521
77863
95098
34316
74368
96691
54904
73218
75471
48345
23030
72222
76761
88151
2626
44540
34053
68363
76000
88738
45666
85278
96050
44003
64709
79007
8439
31155
1631
12005
88984
49488
53236
91757
4467
68593
91439
69304
90865
38519
24609
28771
76802
56158
85085
25245
725
11993
88369
87898
77140
11431
80100
18783
81480
4051
63365
46464
16489
54176
37047
9247
24406
71277
12251
84808
58204
16036
12138
99206
5600
8757
85536
82636
23570
22322
65357
15919
36415
73777
52266
14698
57133
54108
95712
69763
55270
10573
20290
41098
72814
66795
69012
71768
51134
41282
15554
28895
29500
38300
93011
62348
96538
84916
49474
29303
73217
61764
92025
27639
60053
48008
9328
53871
26006
90387
51542
21384
11231
65859
38491
27174
15062
72877
68401
9311
85744
81107
83179
90600
41276
43898
72469
70086
35484
46307
25421
67907
3867
98885
78143
25433
67431
64079
88584
30425
25054
33206
73760
3715
46439
87671
84770
57107
17186
87276
77771
95368
81978
31532
12412
84114
30506
17402
77952
54343
22478
74978
41396
2520
56697
42710
15756
64918
43883
38923
18882
3483
21934
23357
22725
32891
27382
63893
52505
81891
43451
82172
13248
79703
85054
35153
38325
63418
68716
92016
74801
1361
1320
25733
90908
82550
84508
43289
58818
82181
6437
76820
87003
61288
39034
46788
91765
88042
29066
57577
80990
90768
82710
7517
25683
60999
99688
98054
14455
18155
91719
78072
26996
47955
25152
1091
89810
36296
52411
13600
69151
92237
32065
63113
48752
81171
25653
48399
73156
88275
15219
36078
32094
63670
18185
83171
60545
47847
42824
17531
21243
86258
40257
25306
2751
20970
46497
74548
7597
89096
4956
66649
19247
26457
79910
8389
68495
27793
66763
37415
8436
71238
23240
81561
75347
95154
47941
32953
22902
76251
93383
73465
44321
83399
67534
98878
38160
83156
46218
51055
70155
71824
96803
1621
17060
86506
69954
27239
64599
42393
79564
56971
63167
32434
97136
47463
37642
35865
90965
60567
58679
99663
99594
4188
39403
79066
24566
58968
11524
3056
57165
86995
76163
67415
96815
1540
66564
50993
65290
7340
81798
13467
74388
77502
64040
15477
42439
73961
48745
24324
29118
63222
74510
26372
71000
78855
42679
7469
38579
13181
867
61250
99707
35237
47359
14988
22277
84204
79794
91650
29252
47648
8030
35144
99436
54066
32736
13396
98268
73205
63460
83727
1160
69354
45295
38167
40291
40318
41742
46836
81514
45772
41174
13225
79913
92324
28068
14707
76974
64037
11861
39231
47611
17017
19155
61515
15399
35643
24323
36994
62062
86603
2090
85493
60378
71671
76594
15906
74344
32054
60499
34463
6823
1037
86718
43285
98888
68992
63944
25575
56823
87544
85710
62072
86915
89540
72552
48330
19868
81285
73066
33745
16794
36340
91494
74363
7576
49624
19212
8059
14870
13674
8479
39563
43389
16689
79195
36909
67444
87745
33795
61546
56631
8822
26329
26429
4720
29767
42999
52335
18974
88739
58034
71564
18852
76139
82172
45346
279
18494
95716
83785
6639
23154
64364
10709
8237
29415
83959
24932
80357
95165
45948
1605
2409
57639
11680
71287
46869
36695
36948
85053
36218
66258
74939
16224
89966
49848
79664
34005
15062
54021
49894
61433
73134
8875
34146
76566
39907
51050
71288
63618
27151
748
14246
95317
10898
62054
44881
74032
11271
84357
26559
2813
41772
58745
48454
27517
55769
43478
25061
58947
44551
7235
56859
43781
71816
84227
15969
81058
53997
23500
4842
70274
52205
98991
35615
33122
52878
78637
26496
69913
69243
54766
51898
10947
88248
49658
63115
34445
98679
41461
22629
89427
1290
30365
41490
54885
93116
28423
94320
97223
42785
45803
2152
81741
4473
43702
10561
69419
6018
98440
30645
33589
96804
62466
418
16295
20858
92945
13528
94159
71208
94593
80197
78797
98020
94393
29379
12159
33182
76497
55132
77871
54895
87896
21824
57910
99895
3655
11867
97445
60799
32586
34135
77494
25772
48607
25538
14523
25220
2298
75017
52598
83195
25678
45728
7996
58649
35243
61843
85732
2330
6795
12702
7306
57449
27522
22278
79063
80778
46265
17817
64552
95714
66755
80044
62520
33857
67056
99738
9444
1760
73212
92180
28395
50337
7612
23381
89008
51707
31250
79689
95278
5862
80089
82911
27126
52822
4179
80706
80520
32077
23723
32881
10945
86307
9239
99622
70936
15430
50573
81338
33265
43071
25139
23928
56436
86706
93919
96959
90222
43123
27940
73867
36643
83170
96519
85468
32560
75334
54150
85371
87700
41162
9759
16429
7268
67867
13234
97738
68566
17682
11988
61346
86911
48204
21947
41897
277
1724
87626
45717
99461
80353
56802
26173
40188
57568
72037
36580
365
69175
48909
94153
13200
52256
75585
8126
12912
26420
90064
80501
36482
89019
88314
70933
7849
90473
62947
23264
54584
61903
25739
65486
89093
99945
43906
93696
52426
83614
44486
2419
7638
7986
24501
6493
64229
41867
59595
5010
17215
82553
62795
12815
28455
98517
58266
91184
26288
24391
1297
53977
9413
91540
65667
75879
90775
98098
74532
8226
22719
7636
83041
79782
5256
2990
45302
140
51923
71837
12410
2819
59681
1061
13675
70646
66704
8198
67056
60004
47011
11800
51107
34086
36330
19110
69411
86093
84371
56570
22809
64531
97524
29405
32574
8358
96280
80715
16446
41993
72683
48496
62641
7125
24092
99068
21933
24130
39335
7774
45910
83362
25173
29260
21652
90225
23627
61312
76964
44469
25979
67622
38648
38574
64490
17285
24637
69736
63769
41992
97332
99508
52307
81038
59083
60392
22007
31387
15532
69840
10666
77024
99002
35250
7843
16345
42614
46455
33861
22761
6564
12589
3309
52205
62921
6978
14778
96184
38399
13847
56939
62833
37589
39169
17157
93222
5611
99301
21756
20015
60066
81214
3894
47851
23088
17457
83987
90725
29007
79046
53752
72077
40849
1925
70456
73789
94077
98040
49227
2802
79684
26557
55249
62884
31998
37767
10961
34507
80631
55038
53923
65261
43046
73667
85690
57505
56678
74737
49322
82480
22587
4467
85662
84288
13097
95032
51244
87648
71633
63233
67238
7917
1551
60146
50805
20183
33188
53679
44925
39925
49063
52951
16786
1825
57864
6429
75166
50119
50393
38272
5702
19282
62889
93543
14876
61570
61795
15853
83674
12495
99794
79164
54461
48888
17679
24353
52105
92215
41471
96138
44313
96089
72103
93324
60878
21124
29270
9613
29355
63363
46179
33924
77183
10186
35416
96202
8537
68210
7551
73611
63199
89866
40607
89038
45510
13149
68763
22098
7547
25377
1060
7788
233
96720
72055
33117
33386
90351
34007
21244
1017
20746
28931
97226
16587
45118
49144
10835
49093
98460
33498
23398
50856
80945
96162
2416
37396
6577
28239
29237
11563
92963
33472
47243
65117
31898
28932
57121
53266
17949
90296
43050
75335
20053
3904
27723
10842
86144
92451
7950
5993
15290
22004
50840
68558
96432
36242
82062
86002
72878
68124
93983
56348
33904
84050
16616
25136
93094
96383
20387
33491
46880
86312
15489
57370
46536
32140
18681
21790
23197
86111
28982
30024
99986
94725
9731
35477
37076
22153
99842
14485
96053
26655
40940
33828
44945
21835
81003
59922
58485
84931
42166
81662
85147
81346
47073
67351
5013
65432
75705
89578
39115
28569
53112
20365
64892
9218
83488
43410
4276
33161
93609
8987
95343
83430
14139
56864
22031
23526
62554
34602
52911
24196
90107
90821
75217
13005
3609
86200
81789
4250
90155
12160
77965
7242
5903
7436
9357
95759
616
94251
79080
59037
48374
10549
92613
55251
73425
6380
22060
92276
84842
89881
43437
60468
47797
11657
72113
94196
13150
88617
16962
19874
98316
52775
86570
26809
84066
90737
43486
28171
2636
59788
19259
45037
50831
18595
55727
29188
6209
77320
18289
92304
34530
79516
12925
26400
667
19254
82188
23999
89755
36220
26895
1493
92247
94195
26109
18533
59889
9965
82778
24727
11305
72147
50382
26563
95170
37506
54510
82496
21638
35765
2191
39743
99390
73867
21793
34788
32446
64412
92506
58907
68621
23600
86952
50849
63119
37855
11819
99092
8729
38169
5450
96231
7088
93226
67738
275
37513
79989
76077
87020
90615
33643
36576
62884
15031
13144
69863
33813
28152
72483
86118
35817
31550
49307
95155
27576
92681
42141
36257
65217
68699
36843
41092
61137
99728
1329
82171
93684
2816
99304
23989
15959
12749
87549
27979
71090
14623
71122
88289
96224
78489
31279
99880
45554
44615
88037
60123
4639
42170
73587
96375
20387
1540
67541
17249
29682
90333
46484
52723
80519
97164
15576
40505
60852
91969
80550
9095
45218
71521
4911
18998
14216
12568
79087
99136
86186
83435
92765
52551
37761
25046
40827
17546
47472
94063
45918
61870
57472
66929
13883
79205
2203
53440
70378
3348
48993
82175
38620
75950
75786
51446
99196
28181
26195
96922
65681
30423
65335
63146
89122
40224
72219
64371
97594
42958
2795
21072
99861
76490
89506
86484
17888
38027
90905
82795
53499
95377
89191
51811
7470
55468
15621
61219
3626
32825
96161
49701
78432
75470
33315
43773
84818
3564
2673
59760
99296
80591
44540
64283
69376
58596
79396
106
33990
76170
94611
65600
33834
69565
27011
554
53382
60096
23755
49463
18157
56605
84165
80559
73198
93307
30527
55181
24412
94517
93234
67826
48646
13287
55832
23722
67464
74708
67362
37949
58522
60877
61818
55030
89698
87882
47264
50940
49872
69522
95402
99295
69392
45529
67831
52636
28848
15911
37214
84199
87510
96372
37510
49841
77505
80464
78468
32987
73607
13308
50889
64724
41063
52488
64064
5132
98942
54732
16923
40617
38512
11806
95251
88919
99628
95893
83851
67920
25232
72603
59013
77233
29161
79009
82349
52108
78964
25406
4667
20522
15240
67492
40615
40776
3567
85333
29965
41268
3780
34718
39184
85141
91121
69028
85036
98736
26801
1980
90401
64388
90831
68162
59249
67889
94157
95976
14733
80620
37336
6567
30617
87162
81158
81987
13960
7555
31762
48418
97081
60960
38000
31258
94761
91458
59931
94115
44942
31286
88181
35843
41420
90825
53867
9247
18383
42939
38444
11353
56327
89965
57569
29409
18889
9381
42399
77323
41951
48068
25769
89611
8572
44102
93653
46971
90585
85516
12041
82807
82348
52781
7078
29293
46501
45299
21718
91719
31873
37243
39460
41772
83534
53925
46246
84996
77728
748
91968
97119
59525
26857
49728
20341
99198
78312
65930
99651
41109
67896
43745
75192
5867
32256
66496
16171
25063
62017
88338
25633
77186
84175
97648
35509
69130
16219
7145
77829
27110
37331
82815
60784
32598
8722
91759
59804
2135
79280
41169
87883
83765
40498
91426
25920
75768
1373
49670
16200
12022
36615
1429
74782
39685
11815
49993
65333
57415
74722
49047
82433
19449
78556
68184
96056
52681
77387
65363
23626
27615
96023
17661
44399
47103
87039
99933
90092
44485
27333
4806
90280
38835
62282
10545
78317
31235
50496
34996
11051
80060
25785
95068
11679
69669
2579
12258
53080
30415
88236
89480
44557
73286
3327
96168
55655
34626
35678
28108
25060
74071
42581
53975
17326
21199
21357
78346
80271
83230
53768
56576
58490
13721
32686
55883
43971
99090
48318
52739
66707
40115
97034
19846
23362
21436
48626
88413
74618
20871
8676
9103
24030
74128
26089
18064
23710
39301
45385
50397
6218
9920
22431
33663
30654
36477
21379
82716
55827
40129
19650
72697
15495
30729
84676
62414
42517
67989
44894
30317
98041
21337
84153
91473
12271
55752
7809
15400
14851
8789
33091
95465
35808
3122
48703
14409
6720
81271
59892
74381
64349
58868
8335
81355
21537
88352
82056
84178
98667
47082
23488
66973
70659
81008
1063
99510
42562
39368
47416
19471
54720
25157
94370
64962
94797
34571
60054
26583
10816
21950
73905
12880
31051
54245
26283
71474
71027
20313
54665
22
93395
67620
81519
93136
81122
73007
70849
8088
27462
27239
8519
41509
9824
933
48760
47912
15766
10817
57029
26146
78641
79528
25690
50396
49579
35250
12624
459
50668
45751
40517
90214
65110
60247
76569
45059
13015
60938
73878
28437
65316
53764
98705
48223
10726
75488
38619
48145
31626
73759
70506
95815
34943
83067
15176
25703
49185
3549
95637
14009
30656
20396
94652
70951
43659
80935
45847
60248
38029
86538
56068
34084
97202
15838
3520
45747
9078
50785
19325
68951
47770
79978
63087
37049
75047
21504
90336
86705
8937
84522
78003
27646
31904
35711
57738
73002
22926
86744
47970
16504
27892
69075
79430
86047
94134
71075
18920
50200
86003
70276
44084
13394
36219
13635
14348
31380
26317
54698
65012
5327
71856
94750
58400
40103
80324
92366
86319
73308
14485
31235
43673
60947
89859
48692
41756
57095
29472
48948
43979
54164
3010
89356
79532
67037
25204
45475
69172
95986
40875
50739
30525
28458
37649
72741
14665
95779
69522
15168
84527
95601
97286
4034
48490
50050
33406
69756
11153
43153
29009
98044
71151
80139
78412
13949
77858
14714
57853
8558
90556
10298
55366
44976
39631
43421
32507
25048
72612
15697
23679
62297
79766
4136
40178
29408
5919
93823
41143
80402
45048
63916
66866
6459
74066
67746
22117
13048
77262
50867
39434
65469
56379
6275
51456
11612
6452
41050
31668
56550
89389
69821
68520
99644
62548
1251
24125
89508
25049
84976
95744
79161
72554
89790
6459
93425
53629
27066
21048
17817
53444
68540
53486
99357
71278
19086
562
5135
58363
95164
43591
17265
59930
97227
64305
81480
98340
51240
82210
88736
92059
75858
8867
40223
64237
37683
67482
26149
3492
19772
36420
40682
78941
50185
41247
95489
97386
43361
1642
75915
98129
57328
77994
79763
39860
47725
93506
95566
91729
53817
41005
26357
3030
37258
76969
51642
17326
67518
42836
16810
47040
64351
37922
39349
72620
84531
89052
58596
44057
69209
58171
27652
86193
31170
55310
59886
43984
46118
76051
64242
38312
86085
70330
62673
67756
94182
32275
89348
10035
16202
88382
90002
40159
42120
6652
65833
29481
49892
38112
28726
96034
87105
31072
15479
63029
50539
62660
73962
81349
35449
14089
32491
37625
7460
29395
29457
26583
22935
11740
74042
48656
58491
16907
40808
86792
66135
56287
49946
64056
86950
75370
64391
68111
33430
98764
60060
80036
68846
60448
29284
51533
9854
41989
56494
29062
13895
73965
3823
92673
13897
71916
76118
28252
64802
72455
97160
51645
31958
99347
77924
79525
16710
82537
79725
80016
72800
31125
71387
1271
81146
30834
15894
75245
75366
57085
53934
93395
7495
43885
63330
37907
39012
45997
21832
49414
77187
92925
28919
10352
53143
18266
21296
6745
36324
46447
63989
42810
3690
70748
74041
66757
4924
71580
98055
10071
33013
71036
45461
27846
34961
86175
12925
74252
51827
4808
99628
42277
47210
44632
84167
85408
53845
54469
83815
77328
12846
92808
13509
17267
22911
20918
17325
26957
91277
40690
80453
50085
80872
18810
50481
36751
40519
16582
44744
47854
60575
72358
59159
93995
4661
89069
18753
53188
4243
19312
76768
26090
3053
40268
41627
77751
45550
73432
86169
66734
5809
48591
157
37959
91119
27165
40689
83291
43930
10052
24957
84608
75986
59759
1214
49483
42007
39811
12785
7994
77600
51393
82338
87662
30878
29533
327
83748
7697
4189
24185
50396
37797
77821
77922
32155
65574
99535
54909
28504
34027
73756
83962
62631
79329
37747
86086
85238
64621
94919
74899
62311
9467
54751
94409
64310
65523
40010
70925
56651
59542
74083
87191
92993
37865
74832
88826
83331
80693
61907
2721
44796
71517
62406
38643
34604
9327
61727
65774
53588
30630
62849
60852
66426
803
85656
43946
95440
56333
96935
23613
29389
59845
3605
74233
10606
28361
64551
24744
41253
72990
73372
21389
22304
20492
68741
83598
84530
3167
57949
92800
36640
11956
50308
26776
73131
95976
57447
82914
74572
80980
78964
83241
83801
56093
90845
68217
87697
23138
48180
21980
59089
81123
91268
71177
68885
29180
59208
82464
19804
15586
47932
88119
5701
71109
87264
60346
92427
33318
97561
79937
80982
77603
25478
8285
13008
16637
92527
49971
34731
81570
21398
7725
96750
920
46011
47665
5033
99102
88726
99996
87072
66272
70384
57234
85105
17413
45202
94443
13804
60627
89716
19147
46314
45045
89667
22417
39650
62625
79075
35763
49431
4826
50611
57818
42604
94117
66624
4003
36646
69495
82607
16279
76523
61869
93186
65808
4819
12214
10878
56701
74933
35276
4778
90658
85218
58874
63870
57455
24520
6273
86149
76329
61473
86895
10730
81107
94968
77183
33798
91621
62197
13154
63102
9826
79849
82742
60409
83459
89826
28943
11571
63419
98624
40763
31246
35389
65483
3740
9394
29325
26723
98163
1808
12222
5146
46352
55307
71487
15440
89937
96341
86065
58432
20799
81483
60926
68193
37650
17642
97163
7961
19227
31436
91352
31348
41503
25063
57942
81277
96425
5853
29430
3008
44481
26598
93286
59109
97544
39911
50862
82439
12621
70159
6683
61476
74496
96719
57015
26640
73240
79293
19280
277
84281
83997
84841
99616
1354
5196
98786
76006
39667
7117
41798
38767
79393
97247
62811
55806
53661
68706
41571
34032
43795
44721
67817
86111
33937
52478
32308
58477
82709
72776
52244
7935
22230
43471
82262
18502
12189
67749
44741
97105
22698
49506
72119
72262
5903
19048
14390
95984
95208
17884
84380
93648
90432
75945
12839
11136
56278
38028
79057
37760
49304
18170
87880
25777
13545
55165
46843
82787
52981
17257
2873
48193
24476
88175
20366
77272
51279
46330
65316
16368
43596
72322
19539
25608
9689
81926
42921
52776
89463
30870
78371
19430
95880
97452
31743
35547
54453
82296
25256
12421
60155
83127
83197
51936
5311
55148
6768
43430
79160
67760
37630
41924
96871
35622
42182
62120
26590
99164
32461
83101
51775
21999
43276
98151
9882
2593
75000
16207
71700
38546
11325
85474
39893
6470
78901
58061
36127
37154
1995
80298
90813
89827
4135
32173
67255
73461
15436
77215
37778
5944
13089
72053
28149
58776
87046
61039
58513
12699
57715
43652
55774
56728
39773
47979
16837
97168
85798
39804
63135
61189
79382
70611
33971
12570
48979
5144
49819
95485
67368
26301
31508
85647
32318
65543
16658
11295
76989
33098
4049
77822
55735
98991
31705
49909
9905
13876
86796
82456
56302
18223
11010
28460
68845
49326
13977
97251
10396
93697
43747
10799
98610
587
73383
86794
89589
47299
68652
18636
93359
25051
51036
12358
48201
76282
68209
35049
74240
40067
40793
34389
17966
35081
32783
3958
68407
74990
61683
9666
38455
26761
99185
13591
26346
99414
46123
17073
56896
33434
18717
70609
51182
1533
31136
43110
6900
80238
22798
98030
170
96239
13733
78957
20499
6805
30299
94655
47059
56039
10515
25382
18416
22180
22705
25886
4512
73485
8885
68160
56776
63194
60459
61944
2714
68045
6711
68579
58114
91090
81428
63638
61710
5981
99833
27723
91529
35733
33485
71937
37654
96799
7724
21324
88327
40188
75950
73292
50183
77333
87402
25842
15439
30134
89351
71790
54976
9136
63180
18884
43663
70756
60196
95899
31679
23535
49265
33650
18350
54661
46456
35672
72654
29079
92395
39509
74821
1172
32704
78829
27244
43730
66631
637
93226
26254
22711
95672
19511
33627
32186
39988
71422
87927
42098
14140
7837
35758
22217
23969
19409
22746
61016
97054
98535
52000
14321
71771
93026
22857
70760
42481
70997
79338
49722
72402
17514
12518
28145
44968
43655
6947
67511
80143
30114
79484
40858
41069
37402
57004
4767
91158
78603
50826
32335
56291
63447
19376
95008
4451
22851
51125
41176
42920
53321
66201
34685
10065
72956
65447
31325
77255
19596
8904
52105
55471
73066
58550
58446
47998
92989
5673
45094
32275
34129
35069
64617
3334
42623
81248
22071
52629
27894
54744
37537
91163
50062
37163
84552
27426
52604
25518
41832
48115
54433
54361
89162
31145
7520
70539
88016
4526
94841
69924
80932
28357
22203
57508
9424
47138
47468
48502
3163
10917
82229
34773
7508
15215
49644
12734
29641
11349
89489
76031
63714
37917
35132
68520
33022
4678
33300
37994
7407
29913
40664
14241
88634
98280
41804
37029
66556
37705
49251
10886
34419
95099
36001
10772
20531
71117
45491
7354
8582
19688
68908
74936
39285
88514
58983
86907
7148
64359
63923
83953
19571
18075
48890
55555
26398
84452
52804
83445
95920
71839
85689
37718
89826
17701
94280
68497
75019
76326
82593
5882
10621
77790
53687
83125
51917
4391
52950
50804
26431
58166
805
62786
44224
24248
22143
59210
8380
36421
23523
60145
85675
25290
66784
24554
88946
94209
45787
12354
30173
12090
92555
83132
3396
65153
56062
22407
38580
56003
7430
59621
71677
64335
57939
40355
69372
59741
76001
69978
48879
6996
12177
54660
75088
99553
6757
87061
5980
70044
52529
69555
36843
50550
11192
69740
37141
32507
54577
87355
83580
55277
5092
63380
58336
63368
47682
96580
36984
56969
71640
61500
92382
35925
13592
20641
27136
97255
87750
49499
97516
22394
74046
33324
76181
83675
36904
77388
83562
41445
96818
78948
73854
5455
92513
64684
91252
12141
80234
17333
44816
96580
75099
71350
7467
30171
35318
9342
43745
11806
86595
7242
89661
23448
4581
72893
65404
42289
33897
62732
32504
59959
33719
55935
17423
93187
51914
88243
67554
91278
15746
7814
49978
31060
62520
11215
99861
99478
30723
81528
68948
25864
56590
23125
34197
25183
70281
30994
21472
74322
28495
55458
91954
36670
66888
28863
53742
76130
48071
44464
88399
27389
90939
1440
9954
63421
42055
54799
56511
62394
54253
70118
85037
79603
59156
3106
7048
99268
40271
38861
97449
76074
1776
43406
96966
33094
11764
81323
15573
43030
47628
63399
65867
39140
21360
67697
64414
65562
97993
56988
27437
19097
66486
90250
85524
49351
42201
96971
55563
27420
30658
87663
85314
11318
66407
64953
26171
5134
6095
13947
43723
49848
87307
54918
10395
64406
51262
35173
82892
57662
71007
58925
44839
7689
81307
18543
14335
60101
31228
98024
91358
54190
53921
83792
70094
14734
81369
40470
46327
9434
22761
93650
76614
10330
48288
44029
66147
25292
36577
44588
28459
4066
33223
25175
28996
47192
39588
24960
84795
68166
12792
94538
90735
23339
69343
57775
96618
5399
85220
87407
25242
41185
67306
18829
15119
11093
95702
94446
42234
29140
89297
72065
1659
2694
73974
60344
34675
23777
28958
8158
30884
43698
12149
11695
63843
27016
50096
7307
89251
9424
86942
14736
37569
91413
79036
98636
1601
44527
12126
80382
90887
93233
31064
55403
92721
40078
46497
39645
51989
9479
82742
65040
83478
44719
5320
3934
67968
55121
14970
5117
24315
36788
93865
26168
80254
85025
95747
11174
21117
21134
7934
71285
41798
56161
75084
63554
16344
89723
37510
94517
23887
84571
93059
18747
34995
711
16779
36916
40724
52613
53214
12815
36024
40864
75495
1413
53724
855
91166
80765
30458
51745
99867
25980
75876
53729
8245
84229
71043
96052
60799
34154
78620
44701
27916
63787
63797
39109
91868
89197
17013
14352
79734
31160
4514
69547
52266
8292
40642
41278
65808
95157
66836
65333
66766
74014
39131
90018
60380
67340
4124
84577
60613
66768
23963
2512
80028
87787
59630
17975
76345
85423
61142
91617
9332
39720
82845
39631
33846
24654
63245
74909
76294
22524
10451
91764
81115
21520
39801
37458
55876
48944
58964
94273
76998
23679
83158
2860
26390
56072
93499
69308
92675
90327
33847
59020
15007
69865
29329
38888
41813
85208
43885
35021
58229
8786
53941
28861
33061
65073
63194
98254
93084
51003
13912
607
3640
74046
50631
1594
58684
90244
13664
35745
22092
8877
37681
12990
35445
81271
72809
5163
24114
33112
35541
9809
61940
38157
18006
12302
31586
83396
20200
6271
45009
60389
1352
89094
80531
96226
43810
23643
68567
56632
57013
70290
59117
36699
5276
44724
51904
65536
42686
35196
41531
2514
12247
96150
88038
71948
58770
40882
33438
15407
95960
53769
12832
10675
54433
52294
81345
53814
54873
78334
4178
99306
8025
97487
76257
74864
36109
75411
74294
92345
62306
61979
92955
69122
31811
46204
85296
16909
5499
47346
18655
52806
67939
68279
77338
95841
13012
75967
92459
74924
19301
68111
90446
11868
76689
58444
37231
85259
89622
80595
59468
34774
4531
15424
91279
5554
85482
2597
83254
51069
12040
16581
42402
99544
40304
11311
50954
71390
8222
23136
45573
56107
13279
16392
29608
41440
4878
34830
95653
22019
91884
27162
58102
13638
16588
60584
70404
34117
30453
53748
17669
77995
85277
18973
64069
73482
72545
58699
28129
12437
7814
38177
15955
17864
32217
10785
54823
291
57719
33658
4197
24556
57619
52070
60330
50387
37678
91216
5795
98899
4349
93122
7447
73853
71874
26286
70956
88313
91545
35804
81191
16520
27506
81738
4239
5660
95981
89909
11748
26889
83275
24995
4469
23764
74475
89365
86712
70967
31981
80266
25981
83652
60107
96054
77887
72951
17394
90897
69235
86798
33743
70864
36754
97195
68585
10841
49035
73813
17392
61604
1729
46341
43658
12969
48165
95495
73401
59350
13057
42321
98037
60684
70858
85115
87191
4274
22020
45951
4263
97620
39416
62675
67189
23136
19578
70864
2776
29592
25839
43313
43175
95335
9869
50770
65079
82767
7072
24247
59054
63730
65180
71023
54491
38312
93721
29339
73065
88000
37353
3212
71515
40900
66676
16289
91446
89752
52625
41121
98363
71913
5890
72911
22599
40816
71220
90235
40535
25
47918
14062
83452
57448
48836
31022
6500
60707
19761
14048
12421
58899
54875
2565
45608
2162
98031
78089
26176
23649
7613
51344
40440
61292
64878
34944
90807
74697
54156
58218
79696
28126
20241
44131
55579
11339
42220
63891
11589
35207
59455
98188
34458
15761
77142
43929
80658
58885
42362
83166
7618
41018
77010
91122
26036
27880
42795
25767
50556
14207
79360
71981
87089
47809
79149
5748
30704
52008
25431
46194
20575
91502
22673
91312
22122
15749
60667
5797
71495
19841
49707
62844
8914
64914
65736
68197
90682
26623
86728
47055
10292
90511
39814
46637
77171
19406
28174
48789
55590
69449
42985
35941
51729
93387
79890
20887
90259
48656
80929
56690
89206
13841
3270
17317
24807
21441
35267
41642
73452
77803
88804
53404
9330
48145
78229
80083
90928
78269
95134
9918
82342
37935
9770
18496
97273
34545
79581
97542
77584
72688
91641
48296
92098
31032
40592
33802
85098
24392
91209
41778
14606
47104
47529
21054
66255
22211
62993
9484
93370
49703
76242
42967
79051
34958
22064
49132
68827
20558
28610
89720
48726
54246
82536
67048
51684
39192
85015
9506
59328
61141
88259
85115
30276
73356
48909
18540
47702
9653
55175
6114
62880
52186
2205
13144
48998
44603
74501
15788
18979
15582
56967
67675
16356
34025
63933
5628
15438
43519
16740
5784
67020
55349
6249
34366
58729
16518
27590
72007
78395
59577
84945
30779
24344
64091
91921
6935
65769
41984
22118
43165
37565
5903
58312
56422
8586
34975
8562
59291
48024
44485
22457
58030
95251
41633
6776
5595
46592
91057
97759
38454
89707
4761
46843
54240
54343
62624
48851
81586
89166
88054
51098
81598
8268
21178
77327
14516
20464
24237
86639
85228
41882
73228
33151
74557
17313
74669
95075
85700
50499
54194
57318
39489
37561
17840
43163
11466
92115
6629
66880
30784
7031
84725
68783
99032
15239
8273
13961
6387
72556
47376
70473
46660
66073
2308
18202
78105
13310
51983
92344
93394
98316
37553
13835
14607
7718
41280
32229
65762
82977
40304
81114
15930
66047
43999
74489
68503
22641
11418
12593
70771
12350
28430
94944
35729
87865
20414
59823
40395
13799
17488
52672
68642
97411
76223
87342
83974
97987
48267
32354
89503
10409
16209
53410
66249
3611
24234
32314
11492
88805
47608
46022
7915
33525
95649
92152
82626
10417
21174
19177
65736
18562
48311
77723
14526
91922
77434
53832
31991
3243
21941
67888
2857
29921
65810
74559
47940
54675
24516
11102
14562
68393
46773
85861
12449
19933
8100
10942
86863
37179
14594
98244
65320
17760
32643
98858
7589
21643
36956
51476
67803
76239
30675
72575
9623
5747
93194
55756
91940
56610
11109
88700
51262
17505
56413
40142
3967
27393
97184
88208
37587
95559
42947
83721
92424
82788
18004
47726
82937
75022
75317
87854
676
19873
27
59878
15742
16386
44026
73697
22694
74436
32874
8895
23031
44344
90268
27881
36292
48665
96914
10208
59490
38572
47656
12837
15745
57730
10731
30084
49592
24793
28119
66071
92453
43816
39314
18825
64905
48230
46318
77084
39059
95375
78142
47517
37528
51867
66627
78285
65623
39343
88893
7330
25500
61604
20788
38703
75171
95165
20287
70020
58923
66945
38828
59222
93607
52074
70533
82789
12360
45729
67280
88720
42072
29580
59501
48714
62149
38460
65959
43136
74834
7179
87188
81211
20193
57778
28989
75669
95948
57323
52885
18407
72763
22947
61685
27598
46855
16330
33789
46736
67859
59225
70440
55014
8110
80091
44001
77021
7983
85680
4648
89073
55305
37441
79003
61503
57646
86204
12856
48543
88741
3874
16375
49047
11757
4572
80936
97788
22102
54756
14228
73209
79885
65146
98386
1882
82532
84913
83583
9600
64136
65778
13850
22070
18332
2182
70037
80750
15599
81212
16075
74917
80913
50081
60713
77843
25279
58783
41199
22366
46972
6650
31103
15154
64087
57514
65402
17704
87061
12211
78220
77781
391
41356
1247
84447
85333
17637
20469
12015
47882
6540
83120
13074
5552
16736
37257
15739
31475
99597
60990
80207
11441
61461
39088
36070
60521
88181
60736
49287
46803
96872
21689
72207
82622
37290
57207
9057
73003
65759
85997
77852
45011
60759
52582
62134
65356
57332
63566
67242
3230
54712
68915
82686
82229
66340
38042
10042
50915
67632
97706
71457
33183
40651
89261
54639
50151
91373
73688
84633
84344
51577
61638
97158
82708
35313
48953
84515
61415
40938
38570
7150
13273
45688
12242
35840
72733
87631
92728
82643
36907
11123
38550
19372
97148
3846
17246
60768
51024
161
19735
2493
49083
39237
10258
93974
24533
53477
8860
32821
76155
40418
8511
94959
58600
30962
49233
50651
85942
84531
26933
24543
52517
78392
3333
70603
61334
34070
84260
69781
59315
11729
14749
58819
95207
87911
78604
43520
81091
4499
31851
16052
41200
80534
85611
7936
98051
3990
58753
21625
99311
38192
70107
35113
93339
5271
84549
88434
56396
37563
55595
43302
4412
40509
8296
59377
95636
80979
19123
3418
33960
17675
75181
1330
67850
37985
51336
60168
80950
24545
81196
70387
97876
99796
60234
47887
7736
50583
76638
40632
30217
59688
61095
80594
15776
34794
48729
70122
10143
47270
89002
22625
40587
89145
6851
34329
87146
41451
85154
72066
95094
76753
83321
57878
91841
27257
13716
48276
86078
82598
25588
21935
87793
82754
69717
59665
93486
26352
55144
10252
40144
74131
44350
30133
31339
81595
23289
17732
87575
62272
56177
94763
3211
5844
91896
82672
92027
76980
60383
20165
10041
38741
1412
35857
41612
91721
7197
51990
5116
14385
23529
53114
80312
41716
55311
62380
85924
1203
6143
2790
78045
41483
4025
18372
38673
89857
44035
22958
17967
13715
44754
33591
42464
99142
64084
5312
34523
91450
43400
70960
55179
13930
71827
24235
98372
51988
54847
32564
68363
79895
38767
55195
39314
4372
18930
62628
27069
38684
43946
99990
45683
45674
33439
4590
50132
83854
23702
4855
75266
1750
49913
99990
44022
63878
355
72550
27482
11950
84539
84071
44527
64516
4581
53819
33404
32910
11904
7478
48530
9698
5096
58185
21473
85245
15039
86705
43429
10001
26077
67504
71458
55614
99695
35491
25020
84920
97137
287
91276
22093
76670
15604
46271
26471
7616
93067
12634
35516
59835
51056
17610
88032
71099
65449
42093
40420
71644
53058
29681
97198
46741
76162
19282
98553
10773
14414
49064
32511
60743
47299
7078
48539
3932
4337
10145
87855
17113
32089
59310
97476
51400
36321
90033
99413
62250
24256
44969
90516
39184
84714
68271
52431
40861
15698
5744
16577
91398
26826
66792
48450
87709
2059
63316
77867
11624
30511
2688
20113
32247
30785
40006
16343
82224
95737
70504
95651
29838
92245
20605
42896
67805
81023
82180
68921
81242
49388
71584
14529
81121
76733
39843
86775
3705
72436
71922
40957
48432
13285
14652
94824
7672
81155
37912
12459
77119
63848
80076
51855
28038
78910
26906
91632
49590
26475
47788
5878
68941
78413
14862
20530
26173
86415
43526
63042
82357
59175
83521
41266
67856
30136
1602
59331
30497
44536
57166
80150
99308
91240
94345
12455
70672
83959
54222
71419
90192
92587
11499
49350
80084
23581
30146
36769
89437
73201
27370
23997
77869
87112
42280
92728
30135
33131
60897
69630
87178
41959
41637
39457
79876
77735
20042
75212
31126
14225
87879
86146
72794
62463
33875
90139
2340
52973
68516
94523
40056
3855
10193
91993
5032
15067
55272
37576
16645
77769
71956
8628
22296
74493
1594
25374
32177
43287
96121
45074
30224
85284
48160
67547
91846
10997
43168
80222
4816
10153
96948
57837
29287
11081
92189
1821
61745
50777
66930
88846
3055
67651
39790
60799
60477
98821
33751
18237
10516
58439
57478
33520
94813
31678
97222
56899
3719
88265
50434
27576
16884
25129
18792
53482
84722
79831
59488
54596
6266
63666
23855
25257
59306
12215
44959
82919
75997
41021
99210
56078
20498
2426
19633
92094
713
24569
55044
90247
90397
37331
89694
20124
64197
67765
5745
26534
75338
37441
52102
97578
50954
17954
43719
32024
97746
74883
60018
55701
99625
16698
96709
22096
2331
65895
28720
28253
27418
60219
14089
57383
4629
60170
60080
97716
64104
90818
25692
64445
41199
66885
22069
4078
5693
34317
18494
73199
22191
70600
66128
39078
31663
26680
51858
65135
67174
31432
7648
87549
21251
50995
17494
33907
6966
85128
81356
88557
30990
88014
51491
45964
32225
94874
64279
34472
62094
44819
77404
61928
85249
64346
23489
20924
98448
53844
4646
43472
37150
9577
24386
98306
34516
36930
16591
82872
793
85916
78201
32758
44709
53837
32387
5614
86460
36236
14083
67051
21388
28751
65093
57386
24265
13360
5619
57544
20098
88649
49088
77557
50220
46776
58215
74266
40026
68643
91802
62461
78881
78811
97077
61879
82427
29614
21424
22812
96442
85113
22999
25388
6363
92126
73536
35264
68550
63123
54693
33527
5198
58321
51733
80544
44454
40698
93104
93477
56630
3782
36272
61008
23317
65351
5135
87338
19125
32880
1945
89704
89862
11407
51832
3303
50209
3828
91070
73771
25575
47102
53994
51812
65255
34023
72444
46527
76785
2384
61092
20853
85753
47919
60224
68222
86088
77575
7843
43922
30323
75725
29621
27601
6942
11718
90983
61076
46613
27343
72206
6388
38129
57621
92989
44894
30196
42191
34872
72007
87589
13055
92871
32148
10386
64425
92914
61174
43565
20809
52566
54837
68094
90482
36875
47313
66007
56456
91377
24657
55056
10493
43184
14072
41917
73250
52875
383
71606
22105
21721
7927
51781
12019
72905
39337
91166
32287
22137
32982
3832
49244
24860
6379
50072
65434
50946
17523
8416
30600
87674
1401
61908
82235
96765
15665
28675
39482
54196
48294
64208
11766
84182
68095
43696
42247
15120
86635
99234
44996
25622
7772
16786
44066
39465
1729
24032
25726
21599
55034
89265
53762
11678
68778
27696
13631
91962
59202
98970
56284
408
90939
36232
39444
39204
21611
36647
41544
33513
63704
51220
57539
87691
55795
51081
32008
60914
50361
48108
96766
40514
70682
56985
13822
90543
9515
94747
83789
53482
4130
70075
28236
79323
55676
38518
80635
32623
77417
35726
99733
74722
43664
82824
5831
51407
12089
27704
45432
46663
17902
65260
74351
25588
8577
3447
46823
31530
53522
81975
44127
4387
61716
88935
1445
76929
24256
4359
93771
22123
83830
55450
11151
84419
12566
8749
49814
80038
70543
95538
68359
31544
44690
96557
68550
52959
49833
83387
63159
70566
11648
59106
3180
42187
3542
50493
84520
7502
97396
11544
52548
94543
38425
26599
72718
24365
25516
6508
89337
91176
73097
51657
34207
39357
37026
20257
12504
87102
97994
55795
2584
99067
84813
62344
66191
99290
78865
74656
76117
12656
77959
55930
48447
36536
17836
48147
9242
5093
19321
57405
31803
19634
666
97553
23961
77879
28079
78930
55481
21895
61921
15018
34010
8883
27985
88043
74317
92473
30787
81919
89620
74425
1722
68721
70819
75018
28957
61824
60943
9321
23157
50108
59640
27791
86293
64601
75056
24108
58829
55753
51800
98874
7376
79454
61309
54309
27578
87348
92146
18772
75109
39165
99978
62919
23776
55610
30811
52297
38640
53604
359
9695
61657
81243
8758
57934
65874
23400
57837
31480
30975
83170
36982
52548
6723
41690
16518
52138
41928
19930
4146
3653
53861
61725
47840
14373
29598
4060
20953
66423
66346
22210
53309
11387
73810
43048
15408
82392
21327
70998
201
80285
54603
84129
93303
20066
39585
67725
99078
70407
51151
1119
56178
92504
33576
24065
97709
39935
31239
51264
13713
51237
93061
50350
82106
38997
94410
62219
2277
44657
76156
1935
54239
70987
23365
4852
26280
92075
65935
54076
90312
99668
88716
29849
429
12455
25100
29713
7843
15746
94073
58097
88724
22114
15732
76041
89965
49216
2554
61018
69059
44840
40610
18353
26813
96178
81153
36248
85705
48729
12138
36357
27225
41184
45332
33161
73739
78964
76518
46272
66694
56483
46457
48927
96367
61929
422
49360
60155
73138
52064
78412
4322
30471
64851
71916
21313
69677
1826
88175
75400
76986
84904
94957
70926
30916
25910
47858
50367
62075
83799
45846
88836
87583
60719
59973
98134
32881
86944
89614
15168
18491
7046
27254
81496
80187
37370
27127
41753
34661
91403
91162
11813
51956
39483
88722
19366
8972
13074
68803
53657
91261
75229
80452
9135
95851
86406
5958
86115
64525
56637
78568
66296
13168
84928
44849
91395
77287
26017
95352
34066
87237
45994
8192
43851
87827
7332
49075
20601
85308
97982
51027
63823
82695
58643
92683
41794
74621
91462
53092
22670
38414
30596
1653
66020
45406
52058
344
25334
32165
54935
77740
32892
74197
43922
47430
59066
59870
74300
23236
64649
33128
13502
20188
95527
30021
96346
88734
59291
89307
31099
73763
65438
9279
29720
12967
31701
39928
36028
52366
50103
20608
72281
36336
63888
60373
36050
45610
13342
20030
52871
50593
91546
2148
54471
25708
1051
61864
59380
6481
46901
57478
6923
42014
72844
90978
78210
93088
33104
63270
67407
60169
42078
70344
90309
86669
24682
22293
68709
3861
12207
30172
9657
83351
8622
72554
36987
75392
84622
75782
98423
27112
21146
92344
58911
56019
90045
73913
80461
12009
90443
84522
69373
70607
92730
61936
11102
33692
22280
14199
89042
72408
16300
1348
83261
41301
98628
18917
4570
63551
35781
72152
45099
8291
53682
94293
74880
41905
6054
21247
25428
54966
25593
53475
65646
41529
22295
13124
23022
26417
59193
53368
30869
34787
42426
90201
42911
38759
58942
68179
1727
79826
77551
92005
57502
42834
12760
71260
13283
31132
58673
84611
92736
17290
34597
5432
94240
145
29411
16136
6427
21266
89844
63916
77092
25525
7365
16742
83897
26827
42808
84961
45683
39876
64832
33557
11560
96827
53064
6304
95294
7570
43143
50481
52119
23215
26883
1429
63438
18106
54961
59486
31032
53091
92765
51120
13350
43446
60365
45718
67336
44825
95976
51063
54645
88395
70722
24098
25235
819
75159
66895
81842
40095
17799
52506
59665
23437
63052
54657
13468
27586
36251
97757
88493
68114
67940
58
39569
92862
33757
17573
61782
7718
52538
68064
44354
95632
572
20495
30009
34624
82805
51471
83284
4000
98194
99937
67664
16722
97107
75245
49349
70991
89852
20697
87964
56040
53878
6776
49289
64401
72984
8277
34700
98982
97333
202
53145
75791
94986
64076
77092
28961
83175
35564
16452
8700
65519
50476
46253
62001
2628
3161
13788
64843
35440
91315
41620
75530
48032
12293
57994
7274
34889
84733
16331
78322
3904
3810
37781
14564
45098
40290
52988
89652
53454
91286
43515
13313
70314
76238
52591
98500
88826
71501
67288
37026
42759
88620
37243
19852
87049
61084
49550
48697
37145
24351
44543
79868
22431
36445
47158
53232
19353
44715
60171
11866
7657
37386
4784
93244
207
44584
62948
72736
6913
16128
19240
88253
11513
98349
43097
47082
43800
75276
23092
447
6447
25510
63687
21756
49279
51497
58212
69503
94141
64390
1272
40074
58826
41346
57970
24251
40636
85211
72324
69593
79278
21188
58650
29456
22610
47322
32794
987
34752
33063
87169
87462
81744
94462
59795
58801
9638
4815
77961
93712
69065
82669
12365
95774
99490
25663
42631
77857
54321
69858
7833
46868
1983
19732
45285
55827
32830
80311
13595
55123
22511
12421
62925
2291
6076
51426
16631
48152
7980
30437
84041
29973
70156
26103
98583
89406
92035
94216
30901
26975
35492
47931
75192
20610
40590
24446
26847
29227
38040
28107
40720
63914
78473
96559
822
33454
74709
8864
36965
24025
61915
38000
75409
19990
11605
48299
29715
44864
86953
7162
17529
44511
28599
88877
36192
21462
37395
83910
20908
75685
61345
51429
96178
25970
80496
16167
80463
29959
6828
71293
12055
69243
56453
88917
40135
57214
2502
38613
45661
50385
2201
77858
24839
52038
55605
25652
4578
45837
13754
86143
75991
53667
44341
37246
70662
62408
60127
71871
22677
58472
96138
82686
27198
11127
63585
18273
92464
74814
13875
31079
54698
33651
46532
32260
74632
54266
89768
39041
56622
45199
42052
6810
21310
64317
59730
19292
53933
3981
2920
21942
87640
18743
16403
67437
77685
56393
5768
99960
35514
88116
75514
95082
97082
84267
64173
62079
96435
1556
71145
54786
92856
76263
9941
86607
85525
73056
86489
224
67834
91358
27165
95919
77688
98076
16346
81422
82569
47845
36388
80064
22928
63881
51583
45339
20947
37893
17397
43494
43215
50145
76894
26391
72047
71422
69855
9455
78915
92090
64824
78895
11989
25809
46241
89373
59663
10439
20038
26374
70461
75399
17473
54353
30395
40491
73233
99895
9757
98882
10799
50530
40023
21403
49698
71171
7028
42397
95879
85699
64724
36203
93033
36932
8512
13472
28143
2891
64462
78448
58615
85778
6579
39731
89911
25421
78907
58162
38053
76511
78413
21587
90942
90340
86177
75298
16327
82681
91838
2317
35074
1841
72112
12407
977
11069
23558
25776
837
86319
44174
89165
15641
42209
90813
28777
77246
50038
36351
85217
39434
99878
76968
88030
43489
79125
25838
49663
58853
90187
93346
80079
7585
98208
3504
4052
48113
81238
74894
18009
60664
24812
76172
64402
74838
96504
9016
58513
10888
38001
71562
89698
89665
86112
91410
39112
31165
16920
5267
20949
92199
19680
20874
56504
17081
7736
59294
95235
22410
53580
40002
21897
72304
95324
71394
2561
31376
93821
46862
54369
42487
7476
40008
34962
1163
45599
59738
168
70782
27144
7706
43574
97296
92109
93081
95862
84382
93955
15480
86890
35576
1744
63598
48858
34470
80363
2966
11676
24792
99249
21811
83182
38768
10311
68812
21186
3314
70614
72087
79544
15123
13684
50055
51760
17352
35334
78835
61111
12474
13720
37958
33154
29014
3356
16392
45456
61966
70241
22149
20594
27765
23433
71873
22771
56941
33696
13165
48948
57208
45738
15524
92418
78339
15270
40611
74595
76429
37446
28348
93938
93917
50419
50270
3195
44608
29051
65424
62056
4419
49266
6766
14919
99507
65956
91152
27373
35495
79725
99321
75813
84233
30171
46217
65007
87700
40239
10512
8355
90412
56673
38923
12313
71354
19543
36288
99697
86269
29294
6667
16976
44037
78197
86080
72123
968
2096
34829
36532
82143
15580
95528
49290
78840
28771
35384
53517
14208
20459
40866
59742
10955
91172
4423
60119
82779
63093
91284
51015
31482
24628
7523
65139
60699
57571
56444
23754
66353
72394
62995
60666
41396
77532
16614
73440
83607
53326
80965
12986
6372
15381
3580
57601
75745
43580
50967
70905
99222
81696
42373
58081
7239
27149
8847
358
82257
1210
97373
99965
84893
54638
78103
62973
53072
3708
88945
58102
35722
70944
96724
91321
59987
88875
79923
47950
50884
47479
73022
26837
61357
57597
27548
68575
50635
86606
61061
53030
36441
74324
53684
5184
28379
79060
51747
22540
15013
1343
96524
83633
33163
28808
54084
58745
58260
17660
21624
79917
43168
58417
83984
44131
51637
20294
26710
68143
10692
41177
78233
45468
52754
60087
27942
8516
52392
33
79533
45155
5557
50191
49700
90819
27695
20183
6117
41037
3631
5112
42128
61235
23574
75849
46460
25138
41821
61772
72065
96307
27655
45390
47847
82837
7896
72708
2857
40496
71880
98425
84348
46888
10569
42015
58123
26781
22950
53455
4417
18234
55110
38722
72354
1212
24611
92957
9279
71014
6830
8405
86570
76959
27640
89817
99414
1118
32048
96114
67729
95067
36569
87353
51046
94911
72116
90462
33401
98504
37803
94352
85634
28945
92893
54500
5413
60201
86804
90724
11600
24368
96734
2519
18551
21861
75410
47242
86383
40997
75246
85858
88322
70734
88790
77708
49751
22194
28349
87703
14899
33494
43681
22428
88069
88556
94798
40956
4183
94533
11636
91976
39020
32315
34931
8627
41493
44087
47615
52386
96539
65221
86076
76367
26383
38125
30061
60926
92216
18420
76846
52234
94538
28398
52785
14702
21210
68648
2406
82275
97199
70651
3401
36546
4768
71259
72288
8498
50924
38590
75940
7272
3760
96208
41941
60668
35277
58552
19933
28552
83150
15456
54279
3785
17172
95387
34216
19163
16038
46005
93699
60861
62790
54910
21143
87959
94914
18809
93732
3128
5619
27777
81775
99383
78437
44744
9005
85311
42998
61158
65852
70104
2527
2403
15296
59679
86320
64787
82699
15423
76926
41982
19128
16141
30595
13362
7424
46158
85226
9865
5617
78334
93972
81556
85024
71714
35920
94726
68325
37184
57451
53133
8870
36672
34236
94035
61185
52610
66640
44127
52081
896
66525
75117
3112
99147
54470
69093
39713
87192
38756
18409
63218
39484
97911
92610
10042
56074
49325
44793
62090
20761
53248
61522
54851
51482
62450
90059
17497
24441
55927
6393
57951
65923
39068
98062
52392
65991
15088
75096
32375
42525
59583
68695
52425
69412
41747
78263
19102
32410
58072
14943
20684
8585
46266
91942
23121
59497
59079
58435
94873
54640
20936
96909
54475
83649
34604
15331
8107
65671
43643
72703
94130
82640
56791
57912
97520
59538
77901
31286
95853
90598
63991
59492
46596
55613
31285
32604
91815
60122
58832
57653
4583
37566
74956
85164
97046
30509
85737
58187
48332
94743
80788
5264
31129
33596
13431
53568
66205
51164
42326
54416
20412
93
51215
87394
9879
53619
24080
44107
8424
81926
56583
43514
36718
44710
41055
2336
7441
27542
7395
19843
47617
46867
43522
87480
76389
79659
38158
35127
37177
96416
96874
9140
82055
42274
33343
21149
82026
29519
79757
23363
12839
6510
59119
72136
4199
93923
96775
70779
76029
28762
47228
7141
61151
5429
20619
4720
82717
63358
12681
57368
72074
22649
93022
98920
40790
81061
23144
87346
78104
68210
61227
79099
53631
26378
16506
12597
55530
50671
31750
16905
70778
80873
14298
9049
12193
15939
68526
81800
17565
75288
786
23507
10334
16437
24746
28081
33248
92271
80528
50309
37377
32473
3316
13798
76576
47439
34374
48557
56828
18134
75338
33873
74980
24436
93997
79001
37037
19901
60502
5967
26479
38743
5480
94948
10655
48197
57546
15922
21421
97137
52079
82423
83781
51785
32638
19896
82781
40249
85219
86020
50646
19268
29029
7230
42204
16877
86565
13686
22276
62959
45876
8988
33294
58843
38964
59511
85158
51063
98303
2673
68905
88834
40801
26511
31751
19500
28473
36805
76490
67978
10051
53329
52675
55371
77558
93808
49606
22868
30314
83154
96714
74199
56839
20667
46103
65209
63933
55864
23599
11380
25230
8738
59408
20536
81093
86944
85169
11589
78095
44120
37891
29678
67476
27077
80061
74458
65320
69956
84396
1441
84451
97247
62568
48801
97453
29127
85350
79403
72498
86091
64051
89917
95315
91916
81548
65591
2296
91045
60196
80585
74643
13092
97204
68922
72618
14210
49512
4886
49271
62287
67357
7537
30901
54849
35444
14213
6368
6586
84346
7391
26696
39245
69463
35602
28995
57036
76751
84487
68287
82641
54101
39629
39377
16964
23670
61278
70672
60604
97718
97025
74512
60632
96583
85052
6975
70832
53498
53087
51734
69120
26429
67174
3207
28031
86337
69724
20912
50552
76879
72661
60967
39602
74368
22463
25336
93007
56616
48936
8839
19383
32467
86043
38551
75447
75683
89901
68814
39670
91693
13359
71387
98039
22399
13539
68889
75563
55286
87249
15957
94005
55356
28749
53931
33261
16522
34736
31995
23785
37784
57062
35815
29905
60370
4436
96937
3521
54075
80100
7716
86872
70476
75291
74686
29740
35152
36909
66545
6856
10580
77011
94119
9880
90664
13769
46218
14974
5231
74528
55000
95470
98809
58485
69820
8155
46667
79822
21154
31524
96710
77601
77881
95794
25736
47652
5254
62134
41790
95208
60126
86426
9752
15306
32199
619
76571
36373
92245
56374
39225
90821
94953
79155
61059
73272
9898
92607
40273
97690
50993
33654
50995
54265
14352
19676
22575
83262
98141
14784
49482
22118
80176
14607
44533
48214
72943
96535
63669
16162
89175
53972
56115
27718
63123
11334
56783
3082
14039
50135
12216
3851
14854
79137
61985
67818
14363
7632
91613
87308
10250
91241
88423
53954
85227
4637
53634
48828
60899
74520
25060
67588
60503
40043
12101
58268
20419
73192
62729
12207
23462
70150
60792
16852
53632
11602
2168
97724
17298
85274
17894
26344
57604
37489
55138
43324
10631
31835
30137
17614
59437
9036
94454
63986
61588
53555
28758
87417
96901
8704
13862
41255
8667
58374
42419
23950
30945
23633
26916
4281
45680
38563
58678
79361
75284
77934
50606
17790
62106
27187
73102
39989
62070
97128
42069
67226
17800
86600
34009
42470
70101
85002
2986
21160
14917
1319
83109
66785
28154
35953
39469
69615
19206
66874
7530
79695
20904
64385
79691
88023
66700
99473
32164
72295
95734
95593
45
25300
66820
59794
89879
11010
13331
41620
12951
58240
34439
69744
85202
78395
30608
64538
42928
9367
75353
18840
38031
97354
69730
24527
17245
38978
29879
18920
83490
93960
22431
67254
76017
34007
63839
80337
30863
65183
27086
74971
64391
29858
96026
70993
11972
41298
59090
87488
81455
79077
49043
24134
84704
35189
6323
72001
72899
33741
30743
3168
39192
4236
46862
25226
92720
60456
18220
53614
43823
4460
30585
86436
92253
79232
28627
87820
81806
42777
90383
81681
41103
66610
68057
84422
909
4999
69482
63573
67267
38929
68985
20330
59023
22308
64943
93392
10082
84928
67924
45393
58657
96651