69919
95805
27036
70280
8539
75397
42552
65717
2780
21532
54160
45069
97455
48158
59069
20516
47426
37888
26128
87181
26636
13228
63667
1658
62846
7288
46698
46947
82896
72170
78084
67738
39623
24481
41443
84081
72494
84130
73007
11384
14066
30451
57797
90052
86070
45877
14966
41675
50789
98320
54995
34077
34800
82169
67556
10310
79124
15273
80304
59684
84320
44342
29771
91649
43751
46771
77955
87495
37259
28469
23622
99028
53168
57110
5160
3267
60050
34476
56636
42282
53833
74960
84558
33588
7031
84597
7789
4302
36628
34777
1483
3841
68129
11780
47076
43693
44842
83788
82373
1638
52222
91701
22783
73053
58290
94526
7389
82466
87488
65660
61476
74150
98745
53029
59428
81079
43687
96364
47651
24704
75451
68795
99121
87546
43098
94105
55096
26237
91620
67756
7289
44395
89580
72006
45302
2202
62691
45176
28160
10061
81055
57434
1638
31751
75662
97532
95701
99045
34758
54632
23388
96584
58113
24359
83936
52077
27301
12504
78596
44164
91574
22536
30479
64035
79378
52135
35481
27830
60502
94989
5836
70149
18915
21051
99504
27892
58093
78706
57896
43486
61962
56055
23601
34052
83432
23803
24910
8877
55999
28936
91512
31891
30261
13985
17527
49134
412
9614
54300
96236
55733
2983
68665
16065
48992
45492
13358
17769
39268
7117
14541
81189
2964
40364
57243
27485
59174
75336
96310
41734
66690
57913
7997
89150
44512
82368
73242
10484
66329
29783
1186
4230
88346
5864
55002
22868
20643
53393
32801
76279
21762
87601
84605
41770
23565
71010
60256
55515
90515
37622
2869
24391
51506
17534
84574
99915
65723
20497
7296
37174
11752
6521
16139
46942
74931
63639
12176
21970
24282
9788
25836
3671
98271
2146
46039
70890
41937
95096
17637
79791
23217
50816
30328
73157
51469
15363
67848
21121
32375
86210
49104
14796
53378
34831
86943
60266
49484
3816
55445
99964
33946
69733
14228
55238
22928
61557
91090
78544
45572
87447
76326
8377
26210
7266
3676
71487
25290
34597
23592
14505
38283
31979
54097
26618
92949
41604
95398
44795
66536
61216
7941
74302
84432
24883
53333
39392
24646
90902
20923
54175
23150
93497
56693
31508
90898
58130
55364
32720
3851
92782
2040
69464
76406
19553
76283
42745
17169
76139
53123
75133
21209
32570
67289
92492
37429
53287
5394
79623
75034
65841
90909
54945
30787
73282
16669
48233
16571
91307
61210
13462
47987
14225
56200
61835
45318
22848
69467
18571
69777
81742
14399
27544
30254
21410
38594
92083
83626
1772
18081
31298
22112
87433
92370
19978
93306
93633
80093
90248
58310
54464
46330
52951
31408
2791
38973
28773
91205
73106
27829
25601
45408
89503
36188
94569
91004
83092
94340
96615
50121
72614
44824
31030
73959
93089
25238
45806
17923
12260
79403
55521
92755
13921
62804
20804
94300
29271
20618
47717
39559
92996
36344
97085
22683
92224
93635
63376
3941
46203
4252
84947
58643
68954
64722
75643
27449
72478
56381
71692
24632
50029
50051
54573
15854
48694
56494
24612
66426
97898
22117
52112
32611
51539
84534
9000
17750
33875
54877
91756
85357
47941
16450
90561
35891
66142
7914
48832
88760
4094
25113
9344
55265
28933
44096
84316
89581
23997
85093
48753
4492
45390
37078
98738
83596
9693
19106
41326
35776
38976
32145
33246
41065
97255
11226
11441
31687
6221
75903
68900
19710
93897
24220
11262
39872
40126
55535
76432
7483
83613
16277
65739
85496
87784
63177
80688
97858
78748
51711
28660
9430
1351
16503
73102
62771
82109
12824
65845
66382
98140
42893
38833
94157
73917
65550
97357
72061
38873
58178
99277
99810
55155
90136
81678
23562
68868
78791
90952
29039
60020
85186
27199
74928
91883
89979
16164
51702
95390
29387
11851
384
12788
60302
3198
15103
44369
89927
61706
24110
14815
108
74565
32574
29330
72934
98808
69532
95761
75062
43070
29814
70642
98138
12512
79920
63768
22144
82192
60593
27713
52179
51801
55786
85629
48719
87807
34908
57060
38055
4222
51650
68661
22668
8492
49298
58141
29207
75175
60807
76797
53405
54704
62059
4833
79653
7497
72028
80729
84188
91775
31395
27912
28422
7320
286
54755
88859
91806
5147
93918
59411
82284
9104
41984
70484
14535
16747
70381
201
61376
62712
43837
34109
4802
99740
91785
72741
44897
89878
1763
64242
89655
34975
38667
81507
48388
53064
5132
46432
17039
95843
28636
5290
12602
1502
4594
93109
13183
48388
24169
98767
44617
49414
49429
11315
47584
37762
44091
20497
10789
22326
533
43383
91557
1583
56784
76956
30296
34919
8955
86135
14094
55189
62900
76959
71609
98672
52982
39807
79124
14744
95287
80119
888
21738
78617
60793
15245
70002
3046
90684
907
99746
13233
16561
22228
75723
13944
84165
5678
83469
57720
39989
82663
78299
56072
83657
37587
45569
30898
75697
1661
8823
14330
38861
62176
63359
57497
53162
80600
58966
13529
54683
57612
64227
45639
20704
40002
52058
91969
74127
59603
13245
67854
20245
56517
78892
63968
25101
19969
87147
25156
22065
29993
98496
77354
30741
22778
54705
30079
84771
22144
71207
90807
47007
1350
43312
7194
85689
81441
9924
90376
96096
76026
78547
32882
7357
36331
80137
90612
71526
8350
16318
72353
60713
53132
44722
89078
45950
54459
77761
96885
49232
2918
13300
44234
84088
60139
21979
46610
98978
36053
83844
61639
99282
5421
12956
67229
91627
96696
45353
90814
27430
80933
29143
69341
38706
6399
73667
2605
92739
60419
40962
2501
63355
36455
21363
69880
38733
98569
12982
98527
88224
53751
44646
85884
90776
46550
84406
46201
20605
3428
30478
55611
49232
42153
40524
11685
21561
67663
16644
60206
25360
37538
14896
76237
82900
8943
50618
69216
57293
70031
43469
96485
60479
67662
57294
33383
20481
42026
19130
37887
89449
33133
98654
62790
84069
93832
16260
44957
97598
37043
44854
17108
89212
7982
77679
26039
67282
14780
51117
39569
39656
87268
47482
33731
86611
90632
41293
95588
64288
24277
54017
67373
13276
64099
4127
92398
26441
64951
29414
98899
76221
55996
96829
46489
65822
10741
68772
125
91130
46934
1086
17536
26496
53118
34845
80657
58806
12721
53861
34692
5222
33456
84566
67552
25262
21949
6282
84776
31023
8210
15886
41304
97925
74293
20986
88913
33294
6745
84676
9122
99467
63048
14924
40859
61829
61563
80549
79475
9076
81887
98443
91146
8545
81905
64458
57661
78092
96417
19324
6594
80682
28125
71140
93685
4807
59058
25089
9576
38585
52388
25646
30170
47708
57449
43790
34159
41980
80461
15796
53686
13648
29310
15451
2446
27906
60867
16932
17680
72816
28242
76822
40150
39585
49192
59898
93393
86500
759
76626
94612
98778
35762
13859
69643
35420
32954
7002
53104
57631
86384
62211
95251
12356
12761
64297
18786
70768
65224
44470
28521
47100
21387
13407
55679
62614
21241
19954
74146
77048
13624
78374
44041
19320
20844
95259
65158
94411
23839
47839
30151
6956
59800
34894
29832
53763
1049
8142
71094
21285
61300
31192
57792
11389
31142
19911
28884
55768
5018
84445
96654
4717
97231
36509
81697
10369
72581
80175
79952
13781
23849
57377
64458
44295
52867
96443
20771
96350
56870
55866
61086
63273
3018
7144
82104
83905
62747
3734
54760
21566
68881
33427
37401
1689
69664
36884
77266
12117
90564
42089
46239
50825
74404
54449
61901
18283
31355
28043
84192
88510
84449
51298
41378
7829
65409
65402
94878
31328
83930
66744
70507
63210
60812
64030
46331
70089
63252
90993
83193
7240
10313
5399
81747
38902
83396
20580
49162
80887
77130
81075
51652
18146
68683
35371
74509
68188
46756
93082
89823
11357
28604
83171
3921
91343
11792
61257
20064
81227
43129
90859
24331
60384
49313
29741
75291
64129
69105
64679
48696
45680
9018
10032
62174
78997
2761
84231
61856
75608
68344
39531
5664
91227
60932
31451
39318
97018
31035
54721
31947
91824
59973
49961
61312
4440
52535
68718
41367
92320
35656
97551
6733
19047
90423
60717
1177
88959
66343
21157
39469
34679
35972
26451
81278
33720
94640
91450
50468
53365
72935
19770
49002
94675
84809
3127
69952
42495
29169
36495
91704
42963
19383
58757
57501
56824
59531
12046
69327
2698
57870
92779
35337
81814
46583
39537
10933
53715
69299
87325
9595
31758
79431
46685
19610
70104
95238
5341
7516
31865
70005
78787
86513
78449
66601
35747
30358
2799
22372
67801
55768
3131
12543
56392
3265
56844
87672
69284
47637
16719
85735
451
76557
61168
15703
30087
63092
39314
94542
33075
66103
83352
21339
89771
96851
99980
52205
25873
54709
68524
65675
63375
19674
40352
45989
40915
14851
46369
65361
86627
73498
8914
22659
41580
55260
65944
20872
64443
36321
66006
19210
64580
2822
20883
93073
72102
45968
58180
81276
12094
2659
51306
94537
80834
61131
84787
98257
21645
39366
34669
60062
85446
94884
3239
88451
54909
17629
51244
16468
76033
23602
79154
82724
5142
37642
85630
61713
25358
94865
82607
9362
98637
55042
7478
87392
30794
24453
88555
39734
59319
84460
58878
58130
96441
23180
63513
16524
91317
10333
73951
39982
44786
36311
19858
35187
53707
53524
92690
26078
37431
82938
75091
36569
67873
43743
71306
99930
78790
53877
28057
36671
50026
73656
95832
38775
8772
65598
94546
1832
31801
38200
84692
80134
60845
32403
4802
67287
61065
92092
52439
89879
73720
53617
68071
71315
61665
88092
92845
30351
17917
31306
78972
72753
16387
92746
56783
27985
30249
5981
80077
48174
77316
5203
6792
3358
15017
63145
3451
78124
96560
329
24371
84032
14918
72945
7792
16717
7098
28777
62009
6191
49250
38918
92480
57501
89593
23170
9398
82838
71442
94287
18915
23980
7702
38949
65195
60357
94496
46973
15451
84901
68524
94833
51900
12463
40115
21091
17636
65949
19341
76588
63461
74269
52143
96500
38380
23326
66186
37349
90967
13965
62747
67723
75722
2511
18362
20817
21588
50883
71665
52357
53511
71033
40321
15019
57758
38837
15977
89034
5822
63046
83190
38784
31117
64470
57957
92330
65034
81990
44057
50572
91797
65224
32737
87216
19033
919
36818
70215
97197
80638
55824
56606
61097
13300
49640
86729
75998
39113
87109
2357
10762
48718
46843
34430
3531
64018
36053
65890
77708
57232
2794
58211
56458
63857
83169
68417
88990
65726
94099
77441
46990
71255
20185
90500
98618
93269
80595
32264
661
88952
77859
45032
30899
848
53729
93316
2784
7431
35238
85584
45565
72340
96865
88746
55378
94287
79708
61634
71718
59877
69765
31277
95790
28900
8170
20120
74811
88295
89566
32780
87767
85922
96260
44431
76210
43243
40795
42353
6701
10449
69659
537
4606
83740
31675
12504
3574
45420
1455
51499
97532
42032
48399
60002
55694
82826
88234
82487
54758
76896
77640
7842
24255
49956
80164
83084
91184
42035
26683
23961
6654
53967
44545
94798
25577
33565
63961
80181
16343
93000
56676
54339
32616
20188
36101
35900
44589
67912
14351
75980
1776
74812
21784
29838
61928
92438
72434
10660
32974
54928
47525
63982
72897
74985
83661
68238
32561
23108
91162
45345
70690
73266
52803
97794
42737
13249
72964
92856
50879
27456
75718
72801
20203
72025
77369
88434
33426
84285
34301
66785
26020
23844
8441
59514
23949
29982
76399
60583
13346
52065
48784
34901
14137
62681
5170
84867
72930
50047
26605
11040
56687
49024
96789
41489
53565
62697
2501
94439
82392
44744
30988
35991
3031
17943
98049
21572
4528
25363
75819
7701
62367
8537
8958
68324
83688
22558
12294
937
46595
44823
62071
58442
30670
9135
31136
30976
9384
3301
86510
18505
78015
35224
90775
53323
88504
82719
27581
20960
71635
6211
44186
50089
16077
44771
89434
4221
66912
51342
56025
33604
21896
96878
34830
88372
29820
63175
30910
16029
37409
62056
34782
11153
95705
8677
7261
12975
58885
91031
60276
22833
16481
53405
77808
84937
68040
62373
6701
82734
10568
96445
50576
66727
43215
57719
44835
69051
81468
11989
90980
58826
30555
65288
75742
52718
81909
18702
89231
92152
79984
17570
62436
5338
23789
697
7026
35330
4971
64849
34570
80240
52602
4520
17602
54933
6402
85648
91542
20521
5221
70324
74634
8309
65706
88128
33730
72822
33534
18406
40308
70339
20857
81832
42154
79471
50300
23756
11693
66092
28732
50639
62301
15652
30120
50598
11152
87614
47227
29077
93671
34944
5830
89559
36661
70700
10471
90868
77925
39216
43488
24232
48020
24716
31903
81917
52214
38069
10431
13247
72503
14900
64897
26975
26257
57456
20097
77182
72751
2137
97454
66599
55137
81436
75334
46719
64114
94824
84379
25811
43344
61743
61980
63913
69292
7040
41341
98529
71542
26921
53073
63578
47260
51206
69388
63109
53143
48542
84697
49666
68699
25164
56991
65176
40422
6545
97139
72927
39564
54785
32063
49586
52130
13733
21353
96520
76725
94837
80255
14803
14226
25136
83615
65608
6855
22438
66473
75712
5785
26578
92624
75856
67890
30486
64097
62896
90164
71448
88086
48788
2867
86365
54547
74699
27845
56895
42465
46234
4361
60431
98415
96412
75815
19287
5535
14139
82995
7932
56237
27172
96842
87728
26030
17592
66713
30156
43231
64308
76167
81729
58666
20929
59926
3066
11533
70958
22956
87275
61361
60186
40796
60900
58111
23845
82697
4301
59888
21477
6393
55690
41751
56194
2120
7656
95527
30884
49606
58861
57799
61135
63808
97598
95491
56459
21169
41441
28598
91318
25115
84309
65018
21109
71636
87870
78007
73631
79822
90478
78902
80958
62873
44536
64267
49243
14863
5433
79831
88475
52278
14594
36932
76427
6182
61481
87221
12681
26400
99852
50083
73701
82194
36766
59378
39899
84301
45803
86592
87642
53100
15823
42818
34507
92491
41437
83440
69020
73933
11028
79496
68497
85286
75080
99503
33723
2973
3680
6391
81503
60491
19365
66775
94598
65030
42235
922
936
32578
57953
29231
94854
11171
31524
74175
82317
24224
39859
6278
31635
85170
46770
62516
60935
84533
64510
52352
77270
55451
6108
66343
5678
75405
86871
72562
35550
28797
51944
85267
11302
15502
27109
81737
43782
73050
39663
90112
14456
81570
36846
29839
38958
56398
57097
71169
8037
98167
64117
58276
76975
44217
64092
78772
87531
79040
51054
32459
61498
99529
38351
94431
64261
84982
9024
5301
33025
37325
85012
41393
46589
82217
57914
48859
97839
96024
94521
51383
32912
94924
20203
25596
68495
62096
84904
92503
32240
25663
46189
96958
68131
136
58080
65988
13536
23392
67287
95804
57459
97223
13293
99262
74817
40246
19068
2539
27971
16427
96715
99694
67576
99764
28819
34460
93473
5013
31500
48735
58585
930
18545
65671
38990
43802
58087
31326
4994
8619
4795
1296
6681
52077
71375
33108
77632
63167
30995
99199
19117
15621
3902
28289
40125
26216
66808
96211
93609
6113
8826
85021
75642
84047
17330
37928
20443
634
18994
17326
64538
59921
89143
65397
26983
5380
60964
33756
71801
98401
88353
44273
14232
10430
74801
71759
84699
91266
63425
89437
98254
10591
62832
42495
25636
5544
17736
69420
57236
46572
27611
74836
93124
31316
89256
58924
16977
77355
15346
55860
12567
83749
90358
77067
45594
28050
52892
73397
59498
43376
26046
94301
97865
11396
20380
13909
79741
15061
80809
13656
44473
27619
98366
73227
80757
86887
59029
70010
5909
96172
76897
76589
59959
64104
15698
98261
92353
15011
43319
7808
10381
34961
74880
75589
88577
167
44459
79333
36111
13752
33887
75589
52724
5908
61671
88835
23735
15184
965
73306
2561
52861
22229
69018
26664
96485
80406
16219
10445
11074
57246
64978
75647
56810
61472
15958
55829
2964
81399
59452
87156
43351
30105
67602
38140
98558
197
78755
98886
34686
4540
65397
60497
76367
82256
50423
89356
31763
85244
5894
85568
7567
21538
79077
81012
27105
72551
39370
61299
56500
27124
4457
49152
70667
97659
66362
80640
14667
75178
49789
66971
2955
66460
65503
88151
42766
44290
73868
66484
46458
1258
69062
75217
14125
43645
95469
26890
15183
36593
4201
43104
36191
33457
74268
97760
24451
85800
61548
35775
37332
65283
99669
7388
28558
21709
21776
50708
31913
78568
87076
58036
41948
27414
14024
95634
10721
98547
69501
9643
24585
81221
92924
41620
9263
52527
23303
25082
75624
6411
33899
8287
2210
14854
79195
41267
9439
64055
94978
79381
49246
85851
55033
65620
35474
52494
24406
98924
85545
23410
8141
28955
16998
71214
50804
31619
96516
73798
45736
83562
75968
69402
79392
74277
14095
43708
80959
89288
69412
15610
47850
92298
91530
650
78139
66634
99972
21358
85179
33504
64553
61154
31788
64902
41170
50461
54223
11866
42575
22826
33032
61120
3782
94399
14543
50883
83250
39912
77792
37309
19888
54753
69898
23902
77490
40395
64329
60244
77554
30005
97601
84943
36885
17095
90931
77179
6970
50997
94094
62900
12133
45736
46709
35182
56607
24231
84647
91336
14864
51845
59236
90970
38766
46670
77132
6502
44305
24804
3541
63389
39539
3845
63234
34734
22350
32181
11311
17259
58248
2863
81521
44243
22281
21693
53812
2798
19076
15905
9737
82716
35331
33966
71690
37807
53066
57375
65424
6239
32666
82065
11590
90220
27282
16214
58857
27370
69890
90108
27076
84763
93383
20531
29221
77090
54105
82074
59470
52009
80879
17818
6417
7255
13897
92076
39932
42734
83988
3508
44135
8555
97107
28396
79776
21068
18754
86821
42790
83635
67039
92042
65764
52558
66328
51574
18043
28760
10112
79779
51404
75961
67142
36180
55489
59805
45447
17758
14641
76266
68044
63459
85819
42776
62640
95633
34844
92883
68896
30107
69950
50400
51996
54581
39249
85176
16794
14303
45818
96094
61734
54551
45962
17125
71145
71601
2858
96208
18298
24823
68749
80155
99658
40948
49473
54172
11679
48516
29540
95427
54799
56484
87165
17901
63941
76156
97820
57432
87643
5403
39541
48394
49356
70502
91180
69031
79014
89420
91333
85373
5525
78363
19954
90667
65128
94553
84470
20882
94491
21949
52232
30513
86228
36096
59342
59577
41235
36780
86503
92551
44985
34027
15529
91958
47842
99867
73017
59650
65823
19020
10626
28362
53052
11332
5521
88959
24627
78149
9751
14813
92187
63942
34762
49713
1530
58616
67491
28336
50533
51918
17049
97196
57360
42845
4605
47887
64777
38887
15245
74088
24436
52068
54620
42428
99606
45940
95857
23684
76780
75838
48430
73863
78768
97815
35916
13378
47487
34550
47481
14751
50070
93428
66892
38670
20988
61629
40789
18609
80006
61441
54825
79000
8811
98685
89097
75731
98272
74889
35808
2649
54747
64645
64840
16794
14923
74072
63871
49663
47990
97588
60789
16424
3472
85270
7864
18442
63588
12396
48777
46268
17827
13426
38908
71340
30213
34003
69189
3039
63032
26089
53534
56927
50393
19336
85367
70116
54450
24421
29070
70239
57875
35718
49452
96287
329
33897
75880
80588
76650
73740
83991
74064
15048
34642
81708
83288
75386
2545
14756
15617
90697
45812
25723
5610
34633
39782
30896
79331
50623
24929
96630
15215
38815
29310
40638
53394
73808
99842
18449
49982
93410
56273
33845
16583
41927
85357
20416
50804
18162
68938
55445
37253
71272
73103
23880
67058
60839
28999
60773
36537
64216
45801
21812
10927
51405
67834
96588
18509
96905
23625
46394
10383
65997
14886
83603
59015
66278
43382
62009
5040
81511
95629
86550
55472
9394
40576
74789
3813
22235
82419
91711
91130
87125
20482
37505
85523
84517
73491
92628
95372
80170
71196
61375
14333
36807
58122
57419
21489
76210
45048
77649
95939
13623
51611
32807
47022
21742
76697
24745
98622
59526
37814
88737
94059
1759
86173
4907
75798
80983
68857
22329
99870
39141
41987
46979
20862
53693
87284
29282
91206
7371
87335
61990
33890
23344
46693
53390
6861
13743
97363
20075
84910
16392
43001
88050
99834
68851
32302
36894
1091
92497
99537
10072
90324
72913
23784
58850
78477
91380
25191
84039
62076
18054
56005
20120
44166
84808
85959
15732
99482
28796
18076
19700
58519
29548
9497
54024
17152
61502
9821
70113
8056
46181
17476
91595
26824
50751
16890
49670
92368
51027
62706
15125
40534
92107
80047
16477
4229
81272
75068
32100
55281
73561
67736
60749
70849
95200
44868
32999
48228
25019
74444
57967
7657
7739
77878
16820
2027
63
46043
24730
46134
24610
93517
9151
89460
95442
77370
34095
58660
84229
92606
94086
13059
88672
26257
9861
62026
20261
97838
52568
95190
29988
53182
89575
9464
46434
70376
68347
3669
88044
74801
87733
21215
67803
39584
21428
47036
5627
78502
86381
14895
58430
3471
63716
19563
69578
58489
76412
9229
13314
92106
88344
87850
42846
73688
71905
35115
21916
26959
98012
42264
86606
39259
35247
51019
81743
14451
42122
85814
43556
78588
50339
97341
39238
35026
13508
26422
70081
98817
49518
85757
99137
67832
41755
57901
9514
16281
11335
58155
40793
29610
40015
99881
25438
63350
74922
48848
74912
62111
58382
84422
77291
27098
35153
92556
35739
3985
75083
38409
41832
44152
19700
53573
56914
64327
18083
27979
51567
85642
81295
99768
51030
23308
39346
73271
83472
1642
85653
23611
19454
28275
24944
91322
5663
37292
8730
37010
10855
65805
14473
91750
41495
67631
21364
85153
14028
37535
88528
69638
48642
90958
63975
6982
97752
67501
11898
73481
52528
30816
34812
34830
12740
13311
80966
28263
70132
3424
67687
89954
68221
57032
44340
55974
87826
71184
50609
33321
69291
91755
36456
99194
8127
67789
76222
7012
98695
4589
39221
25930
86047
83204
23767
3054
45552
10186
68188
36187
12666
60567
96443
81475
12207
35280
22314
54198
51188
27420
68919
20628
94223
7967
44634
45593
66628
37067
90899
6016
88521
8818
44511
47574
5785
82879
25808
65141
8539
26386
68357
93286
92139
82873
95722
29401
12382
14323
92042
55272
52026
75452
36940
8842
2203
48587
90520
2505
80586
17804
62974
50081
81966
90684
12414
25188
56272
44492
99891
31214
95824
87312
92940
25527
47158
77869
40574
29239
41083
58026
68607
43424
87161
97564
32920
20123
10196
80778
6078
65822
19791
85192
51780
73720
18493
33771
17757
22093
79326
64903
58577
998
43418
17625
80737
16803
2515
22781
90033
71985
91159
63664
7831
97497
14136
51950
16666
26028
82330
6641
5656
40798
5686
82709
58903
13892
55298
96048
57875
30040
316
9232
98304
27810
72079
45648
71656
56584
91982
99024
98460
75982
74551
1332
45843
48519
49688
21716
40615
4240
29403
47459
49795
90348
88890
837
75777
60753
58477
48537
8967
6219
48991
91981
14464
12482
42040
87801
13872
91283
8126
10168
92111
72253
23580
33938
16787
40184
138
86084
47081
71093
99270
24547
64361
84081
19818
13151
83285
72803
70147
87262
68183
19013
69127
21056
99491
67365
17038
97198
74093
75839
90685
92884
34393
48555
39715
56502
42698
34407
32548
25908
27473
8729
67705
33793
54389
98621
8095
26347
32160
1744
64018
50999
17994
75910
43992
79392
4785
79913
89763
7555
89136
20199
9140
40660
77764
99777
68860
24982
58287
3249
38413
90864
51885
99412
50887
93015
4245
82209
77642
76708
26498
55658
3787
9169
66391
86316
47441
73412
35402
66739
50992
97427
83591
75726
96334
15012
29490
8244
44075
70515
22512
92309
61620
61964
14291
89189
58528
82586
62988
78676
16486
39838
24858
21158
1420
806
67794
10303
16919
89337
64479
43159
99216
94137
64560
11161
6778
69075
99510
26350
48922
47055
61918
35033
50551
45456
7423
10015
4794
15597
84558
66377
71338
96157
59848
82001
92343
69409
11198
17824
23697
92923
12344
60165
8971
5837
76564
90940
57417
91834
55983
56572
33142
68451
31222
13096
80398
15515
17506
38416
27733
45005
72967
44738
63575
46998
36598
95561
17884
70187
6534
74074
25493
15529
922
23158
35477
60107
8927
39826
39699
26129
73202
67435
76551
25690
52023
34096
54393
1257
44612
59395
32753
54904
20367
11462
62816
56511
17472
86048
39836
51487
89990
3610
18590
55121
1179
81394
84082
41431
94329
35570
14254
42316
75492
20288
92362
54893
15667
88886
78265
27041
35219
20741
76413
74462
96215
94912
12446
82073
35722
42656
36880
71266
25437
55219
50413
31955
54877
18035
41817
47263
21074
74876
71841
47824
75949
8884
11219
96645
37504
43099
53764
94619
55780
34777
288
5472
20363
91847
24663
30809
43612
79266
46608
14803
9600
56133
29612
13359
5570
78953
11930
88725
46463
79812
62633
3469
24531
23083
39434
22711
55782
83837
97112
71967
24144
66686
47076
83536
66440
78200
5399
72529
11312
79337
50091
13279
56535
54833
51800
15963
69404
18704
79999
34406
86034
79228
80160
54472
23481
75882
32032
73653
97354
97754
47853
74558
59345
81138
20489
4851
6491
81248
39484
71803
2460
32681
69701
14797
98680
98629
85445
90049
34224
80820
20020
57902
24600
83642
17338
69096
21481
88460
23660
70535
85394
48145
60817
79801
71943
40972
27807
84839
86935
89247
63318
68440
6894
76156
77339
90816
2730
20300
23199
10499
52003
25304
62376
11513
48876
15001
27499
46063
645
97500
45477
59872
43959
93662
39428
9764
63023
81467
72296
31230
34576
39523
15083
34083
8350
3521
45870
46611
13033
68006
42615
57985
82839
30465
92587
6454
2966
29293
45612
73938
37182
60559
66647
30906
48998
84100
81498
62769
70352
88333
56535
61416
73100
20217
87463
5550
57838
71910
84422
53913
19636
19555
51075
4502
30957
28289
38714
20451
20782
46671
69317
95890
14891
75382
15144
50005
24702
41139
83744
35952
38049
87720
78775
25131
83160
82975
14961
61474
45677
7942
45185
22499
82828
29228
96776
25705
41683
49212
1290
8130
84476
24905
1174
84051
86802
83324
65060
66402
57267
89399
69307
97819
36550
6453
47905
47072
4442
46937
24796
9900
70053
76307
32518
38754
6438
7625
94936
5110
53734
28666
87066
54596
91969
77464
63272
60793
81731
75581
57409
1743
18832
44355
80123
7456
22262
95447
62036
61984
28524
15638
30425
43384
71435
53982
93769
55446
82263
5504
36178
9101
47267
62881
56208
40648
32922
32209
76233
48107
41224
80773
90391
61212
38187
30230
52034
75389
73596
71010
20215
59066
11916
23936
45571
38231
14696
75660
6628
62118
75268
27874
97256
26780
48134
33305
67283
78988
51949
93967
90708
89931
8222
87569
97617
3109
76450
95197
64733
43138
23856
60095
35214
58940
73780
28780
48080
22473
51576
77344
82591
25610
47605
35272
35574
22984
19686
46984
35967
12556
6263
61036
38301
80649
47460
27561
5218
63156
91525
5792
46879
24251
11478
40057
78406
14096
52262
71063
3981
44791
40909
28574
28278
56531
44338
18600
71924
33751
69992
58156
79168
1177
28872
14169
11134
28348
97853
80142
43977
33473
8289
64912
89863
90306
44659
88621
26370
10817
20616
45686
27638
68993
83631
67758
88695
92049
79703
32693
63207
77343
30322
67557
39915
3728
88428
16361
50689
13341
20512
21262
77977
30414
22916
71767
53850
57593
95599
45269
89856
22465
3389
37243
15581
74329
53604
37352
83706
79674
88425
20993
61077
53294
93471
4651
43341
11440
16439
34753
29297
41272
71134
57040
58596
41875
11010
37591
62874
25457
2843
86297
94215
6383
17355
47550
91684
83123
16530
66110
42447
12579
26938
69977
40008
50968
46268
83129
72357
87926
60124
82383
23798
60574
67220
9925
36228
44873
32296
22163
68236
95763
85626
71127
87371
71280
14945
41224
79986
79447
88346
91288
41396
13311
65742
34417
40645
90142
20297
21596
5047
64830
45409
63976
12259
5385
90077
7498
29881
75151
94411
6311
64099
60789
81993
24563
86245
71721
94151
95153
75434
74801
37807
79609
766
89207
58279
83070
73969
33640
42342
74070
16156
82753
2313
86564
63357
61716
5181
76457
788
55
31968
36415
51366
37519
19225
8323
87277
30217
70115
8428
78095
71927
30828
33024
16209
79924
48847
24913
78073
56232
16191
74398
68914
66539
5167
28893
38335
40143
39405
96274
39858
19140
96580
54421
16147
97686
64780
27820
50835
41613
65357
50936
35781
25090
64207
37148
35788
53410
66320
17471
67149
13812
26661
7815
46436
58374
60975
43977
80250
48805
59900
29464
17074
68168
53202
53075
40966
51500
54524
66242
63338
12950
86224
62642
53789
41498
57704
76356
7099
63646
11207
91727
88325
34561
96046
11997
40813
43463
46081
7850
63413
10154
8866
7696
80649
62063
83309
47327
35273
53313
53435
26419
10248
88165
3149
87628
22311
44608
83958
28940
84739
15582
46846
7520
68
58462
71127
65436
38700
57553
54777
11267
28188
88380
5456
39093
97434
67225
25134
63528
13581
30275
98213
25187
57207
22062
17914
88225
11958
49075
29480
43284
93071
95762
51162
39912
95394
61851
23426
82060
72945
17265
98926
22331
80404
74626
75152
8490
5770
77690
14994
54900
99914
72268
32950
2946
69449
70931
257
51313
57112
19574
46104
66078
48824
45116
31979
49780
83756
45264
8021
48357
87489
94768
47244
97220
99778
96856
95068
80084
14648
19895
54909
78618
39491
67920
87009
86099
51773
43374
3286
46080
8213
62988
11267
9723
14789
59537
8543
6799
11193
84994
80424
15406
12202
26784
82207
98358
7263
32716
4155
62378
30614
74459
51363
24429
14846
79853
56824
24518
13986
38311
63090
39662
4922
96574
93929
92817
58668
70259
60607
83635
32637
62573
57799
1346
70934
4506
92980
8779
36965
97303
17167
84088
66778
88491
22631
15913
32975
97802
87495
16813
48097
92815
86787
86286
82350
76362
88655
77353
39984
55037
19819
68785
72187
23111
37072
95887
17791
10788
35916
79581
79104
77703
27667
49178
18297
19104
17594
54675
3930
29804
6031
50968
18790
89460
35537
76522
67294
46342
71266
34013
77895
4990
89182
82692
36729
30682
9531
5921
13506
69822
17495
4620
92488
21639
83440
69147
1819
88145
17405
30670
56987
27551
5818
71500
64334
33171
36865
30729
91182
51143
18233
9368
52832
25310
55830
51600
36398
81047
19270
74452
5922
57290
66690
5248
93116
50044
60350
74249
29179
9618
57491
46756
26668
25461
31747
3890
2742
93526
96668
17501
94373
36834
22773
46847
3477
13797
56743
33456
59880
91082
62065
32201
5963
9902
98285
53016
65242
53853
20725
43770
30723
4613
37292
31132
85260
84745
45017
59696
54057
96321
52216
58848
19927
54915
86336
63992
88179
51142
33006
4113
3900
62036
84966
31361
56651
26144
85217
18603
82654
95134
23927
12710
43719
20385
64858
13506
38476
40446
55492
92953
35723
61165
52102
43279
53932
48245
21426
63892
84567
56301
59890
15313
71405
7902
89754
63894
72192
68925
83006
88066
55173
38140
9070
32144
49979
34587
47089
78609
26755
72308
6245
94456
97348
58976
21257
92517
75919
34805
12633
94753
18992
68884
62582
74116
88184
57758
73885
20310
44886
98372
52095
25696
19882
91759
36249
65799
12561
36454
67018
10055
98460
7727
82865
6814
82743
25844
77542
62450
53565
77187
59961
18402
57903
22448
90336
39745
60157
89694
4321
20058
6552
22681
95065
35068
47362
17923
19412
42080
14727
97901
44857
48703
11500
28830
23247
47655
43172
58617
60278
5043
86988
39332
18675
19792
72293
54512
56838
79759
59903
18750
47439
78302
53419
16402
2039
65768
63308
2938
49027
42751
48053
83359
75080
50877
9846
43428
35623
48176
61085
98649
62528
55868
40432
13424
20420
15460
66894
40636
56818
81961
74714
80686
43465
93230
95543
97644
35118
33966
5332
88931
17171
50315
27723
51362
96776
8768
93524
52877
54756
34701
18278
47991
17857
83193
61103
11866
44214
49717
51903
60495
18829
70384
80574
25989
1547
82643
7245
89770
15804
37373
62348
67002
15979
4144
55440
56453
64937
14425
52052
77155
37485
68377
61302
19910
70879
53214
60959
45335
76995
60958
81695
51969
77775
92577
40948
86014
75320
98703
80647
85967
26266
28465
73758
74152
1823
26450
93943
5248
53783
82693
24022
9385
16478
80555
93375
93466
12533
98644
96753
93315
47874
94016
1733
48857
44621
34869