32955
51320
75317
92883
81519
80044
60961
21924
36303
55568
2504
62211
11681
72667
79411
71256
20222
15954
11711
51133
76825
30599
39943
26118
62318
42362
73887
58725
43883
82628
6530
59242
69086
41541
34934
79141
62573
23032
78669
16043
65540
69460
13536
70933
43961
52401
52820
26178
56909
99714
79419
38850
69053
58811
44001
21055
94331
4393
32214
15340
19650
83954
60934
89283
2410
92320
25824
70452
53067
85443
82855
97772
96703
56483
7569
87154
92635
34119
7231
4941
16818
17312
90677
55603
93819
14127
27022
98230
21479
44610
98156
98847
15185
66507
96810
68961
78605
56815
77892
787
93238
47955
73320
73371
94066
45882
70844
13256
6918
23251
52994
90383
75517
3327
84121
9041
12620
59706
80266
53037
83580
10140
95871
90810
10571
57048
22185
13021
66722
30915
91985
99209
6493
9622
68821
79068
37577
47732
57436
8882
77436
80195
50987
89565
63292
46120
89546
68323
81356
67948
14995
83020
26438
82778
5217
6501
66628
18899
92032
78457
94789
48066
81561
24947
18658
6700
56607
15980
96551
81374
8120
36339
42438
81275
4781
7966
79741
67913
19110
63201
24735
33999
61659
36631
86129
94911
58103
73871
39652
94790
69220
30645
96645
44877
50821
71684
666
17144
215
88418
22191
23304
61422
10105
7265
79530
91077
51617
6327
60886
92174
86851
25400
17189
11689
48639
93692
89204
1671
78781
28202
79074
6979
72457
95214
73869
68
14485
25803
2381
53201
18385
40483
15890
22444
57062
30370
81541
35887
82103
50041
4567
57887
48682
87587
46089
21840
85437
62538
66106
45783
12112
37740
15175
89475
64016
50672
81870
15493
22092
99914
86649
67382
58649
12349
30147
84355
85855
7358
91679
3842
45462
49626
7487
93983
78795
75402
32498
23102
27304
89816
12829
5350
42151
40648
77885
34001
93651
89477
35548
72364
40414
5554
55674
59953
8078
21517
33618
9992
62693
63296
44575
82796
63012
86891
53551
17359
13866
5896
52042
13471
36230
39221
10338
97110
96364
90244
38579
56998
41390
64017
81911
80144
59697
6699
80747
54757
76220
4923
59269
62707
71188
29461
63628
9518
1603
63735
58850
67200
34679
73380
77068
86141
55653
34797
97117
24350
53213
29667
10936
18206
48170
54855
10532
16474
65408
40345
40271
39367
13913
5200
20763
21181
40374
87810
34897
97267
27132
41846
33585
59364
42750
37056
30360
86959
6819
43553
47520
84109
95236
27973
18185
87055
94776
97535
64293
19183
41774
63634
26894
62534
93187
56105
67397
11218
13659
75525
82808
13766
38562
85468
4308
91465
61266
89335
85277
66722
44022
46501
46113
49942
25893
43336
31796
27388
1116
32552
95832
45730
44600
55456
52389
23539
21903
30918
55150
33474
10868
95596
47391
68616
39291
11988
50955
83000
14632
94270
63746
85536
79689
39255
66432
84351
53686
45699
74575
68345
31979
36316
2413
99336
99431
48613
38998
73647
23784
65233
78428
8223
44485
72975
78823
46285
89959
24673
21344
41942
50638
4554
37265
43011
80814
34263
98206
77918
63840
12068
20600
1165
95076
9280
91026
94588
49617
69658
87415
95222
83687
41260
11550
24729
5263
89650
94561
12169
28979
64500
35711
59872
22216
68598
81712
54485
4919
94124
68521
8393
44598
22484
8297
3618
98740
63930
60623
15900
10889
27840
18259
6301
96968
74464
67748
11136
55842
13383
39789
11087
86358
23160
93612
49399
26569
65003
29644
30190
13750
29617
34310
81755
1286
49152
39092
56719
25932
5453
10777
96569
45973
53662
90413
21292
14635
56617
9828
45787
21081
29347
65375
190
14346
7802
36602
6796
97316
39471
83377
86876
46903
26610
60491
62026
29335
66719
19947
22128
95118
57995
97166
42968
11771
50572
17705
20832
85967
67099
16632
21115
80083
34046
19486
74404
66542
83953
52378
40766
81409
18627
73206
97377
17694
53772
71637
25915
64493
38374
3429
65640
71417
49169
67038
39051
17579
29676
96877
51643
66285
35471
88167
43510
22078
60878
37349
62571
35087
84459
93535
32760
51900
56784
94577
90266
86666
22404
69997
6275
93873
69006
97129
58961
99855
94546
59971
97362
66468
81808
70389
32747
42259
73151
8850
58681
75791
99488
16399
23302
37714
99328
95324
92062
41780
10561
9627
44581
54849
62065
62431
2500
46287
64855
30277
44963
97561
12677
83210
64367
78182
46703
35832
41379
40994
92235
91339
77396
51001
84024
10530
40147
59795
65725
16495
67935
2359
3112
94105
37380
2817
15568
98251
88255
45675
1245
6590
44849
23736
6167
9736
16013
17174
83141
4797
520
68494
32812
95441
51662
70507
9450
61265
89006
12855
14559
35711
76905
15610
47389
16847
94885
8911
79042
13096
72133
9021
41317
38927
95176
85618
74419
66096
13522
48623
46641
32271
29823
9684
49907
51227
54468
61571
57329
62318
56523
7231
89769
24712
45627
55735
24406
5198
19530
53013
84020
65012
63565
48698
87282
44912
76076
36607
39112
26493
16678
72380
55102
49750
86485
8275
97049
65925
66278
81078
44959
42320
29568
52264
32828
71147
51075
49957
1700
53124
73454
52386
75297
11851
74844
43907
70479
52773
78037
25823
88220
31127
41035
22245
14123
15162
37132
6295
58871
64433
17675
39546
25425
48438
15354
54236
66434
32421
29974
56203
54422
36383
60855
32623
84027
2997
51702
15580
20652
83700
39814
86774
27809
80630
64911
58773
38707
19288
83941
66780
17008
64398
47318
99053
9964
58650
45909
47887
5831
15489
33766
95344
81405
99086
63512
68984
12128
79689
40830
57134
25851
43407
66999
36117
44711
57692
38588
46508
19899
44759
5581
35478
65255
46814
74960
96686
1620
928
44226
18347
7661
70821
39543
31743
51501
77986
42419
26128
40659
94167
62627
43536
70198
46749
92104
39126
4311
38371
12849
75641
94301
65448
92386
97451
98050
21390
69510
11793
97523
37993
24849
91526
47045
75979
59207
11734
79153
76912
34449
65255
57398
12075
49154
49353
52302
47390
25679
7576
47492
10622
47960
80101
31768
64718
93302
86762
4047
41244
94271
70739
79624
16349
59799
62309
29749
82405
57900
12435
14494
56441
162
37610
81888
96546
5966
72984
679
44891
71330
19410
20826
32336
71332
33767
43536
21034
18208
6617
21747
6983
62371
31244
60092
32275
72959
44822
28123
23320
31131
979
94617
55197
62147
15107
96941
54817
59996
26575
14523
55516
88383
3082
22694
43083
96254
8501
12261
57779
76349
86316